JD V-C s1 V-C1 s2 V-C2 s3 V-C3 s4 C-C1 s5 C-C2 s6 C-C3 s7 C1-C2 s8 C1-C3 s9 C2-C3 s10 HELCOR AIRMASS 
Aperture: 3, Filter: R, JD: geocentric
2456967.20485 1.2639 0.0050 -1.6109 0.0163 0.2567 0.0059 -1.1189 0.0112 -2.8748 0.0158 -1.0072 0.0043 -2.3828 0.0105 1.8676 0.0162 0.4920 0.0188 -1.3756 0.0110 0.00227 1.081 
2456967.20634 1.2678 0.0051 -1.5773 0.0154 0.2450 0.0060 -1.1190 0.0114 -2.8451 0.0148 -1.0228 0.0043 -2.3868 0.0106 1.8223 0.0152 0.4583 0.0180 -1.3640 0.0111 0.00227 1.080 
2456967.20784 1.2557 0.0049 -1.5983 0.0160 0.2427 0.0059 -1.1123 0.0112 -2.8540 0.0155 -1.0130 0.0043 -2.3680 0.0105 1.8410 0.0159 0.4860 0.0185 -1.3550 0.0110 0.00227 1.080 
2456967.20933 1.2554 0.0050 -1.6519 0.0163 0.2463 0.0059 -1.1148 0.0110 -2.9073 0.0158 -1.0091 0.0043 -2.3702 0.0102 1.8982 0.0162 0.5371 0.0186 -1.3611 0.0107 0.00227 1.079 
2456967.21082 1.2765 0.0049 -1.5873 0.0162 0.2613 0.0059 -1.1132 0.0111 -2.8638 0.0157 -1.0152 0.0043 -2.3897 0.0103 1.8486 0.0161 0.4741 0.0186 -1.3745 0.0108 0.00227 1.078 
2456967.21234 1.2699 0.0050 -1.5909 0.0161 0.2674 0.0060 -1.1229 0.0111 -2.8608 0.0155 -1.0025 0.0043 -2.3928 0.0103 1.8583 0.0159 0.4680 0.0184 -1.3903 0.0108 0.00227 1.078 
2456967.21385 1.2714 0.0049 -1.5948 0.0151 0.2664 0.0059 -1.1008 0.0110 -2.8662 0.0145 -1.0050 0.0043 -2.3722 0.0102 1.8612 0.0149 0.4940 0.0175 -1.3672 0.0107 0.00227 1.077 
2456967.21536 1.2725 0.0049 -1.5740 0.0157 0.2583 0.0059 -1.1033 0.0109 -2.8465 0.0151 -1.0142 0.0043 -2.3758 0.0101 1.8323 0.0155 0.4707 0.0180 -1.3616 0.0106 0.00227 1.077 
2456967.21689 1.2792 0.0050 -1.5989 0.0159 0.2714 0.0059 -1.0898 0.0110 -2.8781 0.0154 -1.0078 0.0043 -2.3690 0.0102 1.8703 0.0158 0.5091 0.0183 -1.3612 0.0107 0.00227 1.076 
2456967.21840 1.2864 0.0050 -1.5885 0.0160 0.2707 0.0060 -1.1191 0.0111 -2.8749 0.0154 -1.0157 0.0043 -2.4055 0.0103 1.8592 0.0158 0.4694 0.0183 -1.3898 0.0108 0.00227 1.075 
2456967.21992 1.2838 0.0050 -1.5825 0.0159 0.2642 0.0060 -1.0919 0.0111 -2.8663 0.0153 -1.0196 0.0043 -2.3757 0.0103 1.8467 0.0157 0.4906 0.0182 -1.3561 0.0108 0.00227 1.075 
2456967.22145 1.2903 0.0049 -1.5646 0.0159 0.2858 0.0058 -1.0816 0.0110 -2.8549 0.0153 -1.0045 0.0042 -2.3719 0.0102 1.8504 0.0156 0.4830 0.0182 -1.3674 0.0107 0.00227 1.074 
2456967.22300 1.2818 0.0051 -1.5831 0.0162 0.2798 0.0060 -1.1115 0.0112 -2.8649 0.0156 -1.0020 0.0043 -2.3933 0.0104 1.8629 0.0160 0.4716 0.0186 -1.3913 0.0109 0.00227 1.074 
2456967.22450 1.2856 0.0050 -1.5936 0.0160 0.2831 0.0059 -1.0814 0.0112 -2.8792 0.0154 -1.0025 0.0042 -2.3670 0.0104 1.8767 0.0157 0.5122 0.0184 -1.3645 0.0109 0.00227 1.073 
2456967.22602 1.2880 0.0051 -1.5630 0.0153 0.2878 0.0059 -1.0874 0.0113 -2.8510 0.0148 -1.0002 0.0043 -2.3754 0.0105 1.8508 0.0151 0.4756 0.0179 -1.3752 0.0109 0.00227 1.073 
2456967.22909 1.3078 0.0051 -1.5467 0.0159 0.3053 0.0060 -1.0637 0.0112 -2.8545 0.0153 -1.0025 0.0043 -2.3715 0.0104 1.8520 0.0157 0.4830 0.0183 -1.3690 0.0109 0.00227 1.072 
2456967.23060 1.2985 0.0051 -1.5620 0.0158 0.2894 0.0060 -1.0885 0.0112 -2.8605 0.0152 -1.0091 0.0043 -2.3870 0.0104 1.8514 0.0156 0.4735 0.0182 -1.3779 0.0109 0.00227 1.072 
2456967.23213 1.3176 0.0050 -1.5366 0.0154 0.3092 0.0060 -1.0659 0.0110 -2.8542 0.0148 -1.0084 0.0043 -2.3835 0.0102 1.8458 0.0152 0.4707 0.0178 -1.3751 0.0107 0.00227 1.072 
2456967.23370 1.3368 0.0051 -1.5299 0.0161 0.3253 0.0060 -1.0434 0.0112 -2.8667 0.0155 -1.0115 0.0043 -2.3802 0.0104 1.8552 0.0159 0.4865 0.0185 -1.3687 0.0109 0.00227 1.071 
2456967.23522 1.3240 0.0051 -1.5364 0.0161 0.3294 0.0060 -1.0582 0.0115 -2.8604 0.0155 -0.9946 0.0043 -2.3822 0.0107 1.8658 0.0158 0.4782 0.0186 -1.3876 0.0111 0.00227 1.071 
2456967.23675 1.3194 0.0052 -1.5594 0.0165 0.3361 0.0061 -1.0496 0.0114 -2.8788 0.0159 -0.9833 0.0043 -2.3690 0.0105 1.8955 0.0163 0.5098 0.0189 -1.3857 0.0110 0.00227 1.071 
2456967.23827 1.3423 0.0052 -1.5303 0.0165 0.3363 0.0061 -1.0373 0.0109 -2.8726 0.0159 -1.0060 0.0043 -2.3796 0.0100 1.8666 0.0163 0.4930 0.0186 -1.3736 0.0105 0.00227 1.070 
2456967.23979 1.3433 0.0053 -1.4832 0.0157 0.3371 0.0062 -1.0431 0.0116 -2.8265 0.0150 -1.0062 0.0043 -2.3864 0.0107 1.8203 0.0154 0.4401 0.0182 -1.3802 0.0112 0.00227 1.070 
2456967.24141 1.3641 0.0054 -1.5005 0.0164 0.3583 0.0063 -1.0283 0.0121 -2.8646 0.0157 -1.0058 0.0044 -2.3924 0.0112 1.8588 0.0161 0.4722 0.0191 -1.3866 0.0117 0.00227 1.070 
2456967.24293 1.3587 0.0056 -1.5355 0.0179 0.3427 0.0065 -1.0441 0.0124 -2.8942 0.0173 -1.0160 0.0046 -2.4028 0.0115 1.8782 0.0177 0.4914 0.0206 -1.3868 0.0120 0.00227 1.070 
2456967.24446 1.3672 0.0055 -1.4863 0.0166 0.3576 0.0064 -1.0241 0.0117 -2.8535 0.0159 -1.0096 0.0043 -2.3913 0.0107 1.8439 0.0163 0.4622 0.0190 -1.3817 0.0112 0.00227 1.070 
2456967.24594 1.3507 0.0054 -1.4863 0.0167 0.3440 0.0063 -1.0302 0.0118 -2.8370 0.0160 -1.0067 0.0044 -2.3809 0.0109 1.8303 0.0164 0.4561 0.0192 -1.3742 0.0114 0.00227 1.069 
2456967.24743 1.3777 0.0056 -1.4759 0.0169 0.3601 0.0065 -1.0169 0.0123 -2.8536 0.0162 -1.0176 0.0044 -2.3946 0.0114 1.8360 0.0166 0.4590 0.0196 -1.3770 0.0119 0.00227 1.069 
2456967.24892 1.3615 0.0071 -1.5322 0.0235 0.3213 0.0083 -1.0717 0.0161 -2.8937 0.0227 -1.0402 0.0057 -2.4332 0.0149 1.8535 0.0232 0.4605 0.0270 -1.3930 0.0156 0.00227 1.069 
2456967.25043 1.3655 0.0107 -1.5404 0.0395 0.3753 0.0126 -1.0047 0.0257 -2.9059 0.0384 -0.9902 0.0084 -2.3702 0.0239 1.9157 0.0389 0.5357 0.0449 -1.3800 0.0248 0.00227 1.069 
2456967.25192 1.4031 0.0105 -1.4406 0.0355 0.4049 0.0122 -0.9609 0.0235 -2.8437 0.0343 -0.9982 0.0080 -2.3640 0.0216 1.8455 0.0349 0.4797 0.0402 -1.3658 0.0225 0.00227 1.069 
2456967.25341 1.3894 0.0055 -1.4833 0.0171 0.3918 0.0064 -0.9964 0.0119 -2.8727 0.0164 -0.9976 0.0044 -2.3858 0.0109 1.8751 0.0168 0.4869 0.0195 -1.3882 0.0114 0.00227 1.069 
2456967.25492 1.3923 0.0053 -1.4655 0.0162 0.3895 0.0062 -0.9871 0.0114 -2.8578 0.0155 -1.0028 0.0043 -2.3794 0.0105 1.8550 0.0159 0.4784 0.0185 -1.3766 0.0110 0.00227 1.069 
2456967.26174 1.3921 0.0056 -1.4455 0.0167 0.4031 0.0065 -0.9729 0.0120 -2.8376 0.0160 -0.9890 0.0044 -2.3650 0.0110 1.8486 0.0164 0.4726 0.0192 -1.3760 0.0115 0.00227 1.069 
2456967.26323 1.3978 0.0062 -1.4337 0.0188 0.4176 0.0073 -0.9631 0.0134 -2.8315 0.0180 -0.9802 0.0050 -2.3609 0.0123 1.8513 0.0184 0.4706 0.0216 -1.3807 0.0129 0.00227 1.070 
2456967.26472 1.4138 0.0057 -1.3986 0.0167 0.4312 0.0066 -0.9504 0.0117 -2.8124 0.0159 -0.9826 0.0044 -2.3642 0.0106 1.8298 0.0163 0.4482 0.0189 -1.3816 0.0111 0.00227 1.070 
2456967.26621 1.4136 0.0072 -1.4088 0.0212 0.4238 0.0082 -0.9659 0.0154 -2.8224 0.0203 -0.9898 0.0054 -2.3795 0.0141 1.8326 0.0207 0.4429 0.0244 -1.3897 0.0147 0.00227 1.070 
2456967.26771 1.4320 0.0151 -1.4213 0.0515 0.4274 0.0174 -0.9177 0.0350 -2.8533 0.0496 -1.0046 0.0107 -2.3497 0.0322 1.8487 0.0503 0.5036 0.0588 -1.3451 0.0333 0.00227 1.070 
2456967.27069 1.4363 0.0211 -1.4163 0.0722 0.4876 0.0240 -0.9876 0.0506 -2.8526 0.0696 -0.9487 0.0143 -2.4239 0.0468 1.9039 0.0705 0.4287 0.0834 -1.4752 0.0482 0.00227 1.071 
2456967.27219 1.4452 0.0155 -1.3281 0.0478 0.4848 0.0175 -0.9002 0.0337 -2.7733 0.0456 -0.9604 0.0104 -2.3454 0.0306 1.8129 0.0463 0.4279 0.0546 -1.3850 0.0317 0.00227 1.071 
2456967.27370 1.4380 0.0060 -1.3924 0.0168 0.4585 0.0069 -0.9341 0.0125 -2.8304 0.0160 -0.9795 0.0046 -2.3721 0.0114 1.8509 0.0163 0.4583 0.0194 -1.3926 0.0119 0.00227 1.071 
2456967.27520 1.4462 0.0058 -1.3672 0.0161 0.4673 0.0067 -0.9148 0.0118 -2.8134 0.0153 -0.9789 0.0044 -2.3610 0.0107 1.8345 0.0157 0.4524 0.0185 -1.3821 0.0112 0.00227 1.071 
2456967.27966 1.4416 0.0103 -1.4033 0.0345 0.4463 0.0118 -0.9425 0.0239 -2.8449 0.0333 -0.9953 0.0076 -2.3841 0.0221 1.8496 0.0338 0.4608 0.0396 -1.3888 0.0228 0.00227 1.072 
2456967.28116 1.4515 0.0220 99.9999 9.9999 0.5025 0.0253 -0.8532 0.0506 99.9999 9.9999 -0.9490 0.0153 -2.3047 0.0464 99.9999 9.9999 99.9999 9.9999 -1.3557 0.0481 0.00227 1.073 
2456967.31879 1.4891 0.0074 -1.3280 0.0220 0.5327 0.0084 -0.8253 0.0147 -2.8171 0.0210 -0.9564 0.0052 -2.3144 0.0131 1.8607 0.0214 0.5027 0.0246 -1.3580 0.0137 0.00227 1.090 
2456967.32028 1.4815 0.0067 -1.3704 0.0197 0.4805 0.0078 -0.8717 0.0136 -2.8519 0.0188 -1.0010 0.0051 -2.3532 0.0123 1.8509 0.0193 0.4987 0.0223 -1.3522 0.0129 0.00227 1.091 
2456967.32178 1.4939 0.0070 -1.3509 0.0198 0.4891 0.0080 -0.8855 0.0147 -2.8448 0.0189 -1.0048 0.0051 -2.3794 0.0133 1.8400 0.0192 0.4654 0.0228 -1.3746 0.0139 0.00227 1.092 
2456967.32329 1.4771 0.0071 -1.3454 0.0211 0.4752 0.0081 -0.8561 0.0144 -2.8225 0.0201 -1.0019 0.0052 -2.3332 0.0129 1.8206 0.0205 0.4893 0.0237 -1.3313 0.0135 0.00227 1.093 
2456967.32478 1.4491 0.0059 -1.3527 0.0163 0.4755 0.0068 -0.9101 0.0122 -2.8018 0.0155 -0.9736 0.0046 -2.3592 0.0111 1.8282 0.0158 0.4426 0.0188 -1.3856 0.0116 0.00227 1.094 
2456967.32627 1.4570 0.0062 -1.3747 0.0171 0.4673 0.0071 -0.8891 0.0124 -2.8317 0.0162 -0.9897 0.0047 -2.3461 0.0112 1.8420 0.0166 0.4856 0.0195 -1.3564 0.0117 0.00227 1.095 
2456967.32926 1.4787 0.0341 99.9999 9.9999 0.4108 0.0401 99.9999 9.9999 99.9999 9.9999 -1.0679 0.0248 99.9999 9.9999 99.9999 9.9999 99.9999 9.9999 99.9999 9.9999 0.00227 1.098 
2456967.33075 1.4391 0.0057 -1.3966 0.0168 0.4620 0.0065 -0.9374 0.0119 -2.8357 0.0160 -0.9771 0.0043 -2.3765 0.0109 1.8586 0.0163 0.4592 0.0192 -1.3994 0.0114 0.00227 1.099 
2456967.33225 1.4514 0.0057 -1.4028 0.0166 0.4589 0.0066 -0.8965 0.0112 -2.8542 0.0158 -0.9925 0.0044 -2.3479 0.0101 1.8617 0.0162 0.5063 0.0186 -1.3554 0.0106 0.00227 1.100 
2456967.33374 1.4408 0.0061 -1.3739 0.0172 0.4643 0.0069 -0.8975 0.0123 -2.8147 0.0163 -0.9765 0.0044 -2.3383 0.0111 1.8382 0.0166 0.4764 0.0195 -1.3618 0.0115 0.00227 1.101 
2456967.33523 1.4227 0.0085 -1.4167 0.0266 0.4634 0.0097 -0.8440 0.0172 -2.8394 0.0256 -0.9593 0.0062 -2.2667 0.0155 1.8801 0.0260 0.5727 0.0296 -1.3074 0.0162 0.00227 1.102 
2456967.33672 1.4316 0.0060 -1.3598 0.0167 0.4480 0.0069 -0.8962 0.0123 -2.7914 0.0159 -0.9836 0.0046 -2.3278 0.0112 1.8078 0.0162 0.4636 0.0192 -1.3442 0.0117 0.00227 1.104 
2456967.34626 1.3689 0.0247 -1.6041 0.1043 0.3926 0.0292 -0.9403 0.0594 -2.9730 0.1019 -0.9763 0.0189 -2.3092 0.0550 1.9967 0.1031 0.6638 0.1153 -1.3329 0.0572 0.00227 1.112 
2456967.34925 1.4171 0.0075 -1.4306 0.0238 0.4121 0.0086 -0.9191 0.0161 -2.8477 0.0228 -1.0050 0.0056 -2.3362 0.0147 1.8427 0.0232 0.5115 0.0269 -1.3312 0.0153 0.00227 1.115 
2456967.35074 1.3722 0.0056 -1.4228 0.0168 0.3891 0.0066 -0.9910 0.0123 -2.7950 0.0162 -0.9831 0.0047 -2.3632 0.0113 1.8119 0.0165 0.4318 0.0195 -1.3801 0.0118 0.00227 1.116 
2456967.35223 1.3741 0.0056 -1.4446 0.0166 0.3933 0.0065 -1.0118 0.0123 -2.8187 0.0159 -0.9808 0.0044 -2.3859 0.0113 1.8379 0.0163 0.4328 0.0193 -1.4051 0.0118 0.00227 1.118 
2456967.35373 1.3239 0.0061 -1.4594 0.0180 0.3573 0.0070 -1.0100 0.0131 -2.7833 0.0173 -0.9666 0.0048 -2.3339 0.0120 1.8167 0.0176 0.4494 0.0208 -1.3673 0.0125 0.00227 1.119 
2456967.35522 1.3515 0.0058 -1.4607 0.0178 0.3763 0.0068 -1.0097 0.0131 -2.8122 0.0171 -0.9752 0.0047 -2.3612 0.0121 1.8370 0.0175 0.4510 0.0208 -1.3860 0.0126 0.00227 1.121 
2456967.35671 1.3228 0.0147 -1.4589 0.0505 0.3931 0.0171 -1.0217 0.0365 -2.7817 0.0487 -0.9297 0.0111 -2.3445 0.0342 1.8520 0.0495 0.4372 0.0591 -1.4148 0.0352 0.00227 1.122 
2456967.35821 1.3297 0.0066 -1.4707 0.0203 0.3734 0.0077 -1.0197 0.0148 -2.8004 0.0194 -0.9563 0.0051 -2.3494 0.0136 1.8441 0.0198 0.4510 0.0235 -1.3931 0.0141 0.00227 1.124 
2456967.35970 1.3575 0.0081 -1.4684 0.0269 0.3859 0.0094 -1.0325 0.0194 -2.8259 0.0260 -0.9716 0.0063 -2.3900 0.0181 1.8543 0.0264 0.4359 0.0314 -1.4184 0.0188 0.00227 1.126 
2456967.36593 1.3198 0.0088 -1.5390 0.0319 0.3212 0.0104 -1.0234 0.0210 -2.8588 0.0310 -0.9986 0.0071 -2.3432 0.0195 1.8602 0.0315 0.5156 0.0363 -1.3446 0.0203 0.00227 1.132 
2456967.37159 1.2924 0.0059 -1.5453 0.0188 0.3168 0.0068 -1.0534 0.0134 -2.8377 0.0181 -0.9756 0.0048 -2.3458 0.0125 1.8621 0.0185 0.4919 0.0218 -1.3702 0.0130 0.00227 1.139 
2456967.37309 1.2950 0.0056 -1.5433 0.0180 0.3104 0.0066 -1.0696 0.0126 -2.8383 0.0173 -0.9846 0.0046 -2.3646 0.0117 1.8537 0.0177 0.4737 0.0207 -1.3800 0.0122 0.00227 1.141 
2456967.37462 1.2842 0.0056 -1.5152 0.0180 0.3151 0.0066 -1.0374 0.0124 -2.7994 0.0173 -0.9691 0.0047 -2.3216 0.0115 1.8303 0.0177 0.4778 0.0206 -1.3525 0.0120 0.00227 1.143 
2456967.37612 1.3012 0.0066 -1.5498 0.0218 0.3175 0.0077 -1.0940 0.0153 -2.8510 0.0210 -0.9837 0.0053 -2.3952 0.0142 1.8673 0.0214 0.4558 0.0252 -1.4115 0.0148 0.00227 1.145 
2456967.37762 1.2982 0.0073 -1.5669 0.0257 0.2927 0.0087 -1.1275 0.0187 -2.8651 0.0249 -1.0055 0.0060 -2.4257 0.0176 1.8596 0.0254 0.4394 0.0303 -1.4202 0.0182 0.00227 1.147 
2456967.37911 1.2987 0.0084 -1.5994 0.0315 0.3103 0.0099 -1.0797 0.0210 -2.8981 0.0306 -0.9884 0.0068 -2.3784 0.0197 1.9097 0.0311 0.5197 0.0362 -1.3900 0.0204 0.00227 1.149 
2456967.38211 1.2543 0.0304 99.9999 9.9999 0.3355 0.0357 99.9999 9.9999 99.9999 9.9999 -0.9188 0.0230 99.9999 9.9999 99.9999 9.9999 99.9999 9.9999 99.9999 9.9999 0.00227 1.152 
2456967.38360 1.2659 0.0200 99.9999 9.9999 0.3497 0.0233 -1.0771 0.0541 99.9999 9.9999 -0.9162 0.0152 -2.3430 0.0511 99.9999 9.9999 99.9999 9.9999 -1.4268 0.0525 0.00227 1.154 
2456967.38512 1.2704 0.0155 -1.6680 0.0654 0.2662 0.0186 -1.1826 0.0437 -2.9384 0.0639 -1.0042 0.0127 -2.4530 0.0415 1.9342 0.0647 0.4854 0.0759 -1.4488 0.0428 0.00227 1.157 
2456967.38662 1.2818 0.0153 99.9999 9.9999 0.3126 0.0180 -1.1213 0.0417 99.9999 9.9999 -0.9692 0.0119 -2.4031 0.0394 99.9999 9.9999 99.9999 9.9999 -1.4339 0.0406 0.00227 1.159 