JD V-C s1 V-C1 s2 V-C2 s3 V-C3 s4 V-C4 s5 C-C1 s6 C-C2 s7 C-C3 s8 C-C4 s9 C1-C2 s10 C1-C3 s11 C1-C4 s12 C2-C3 s13 C2-C4 s14 C3-C4 s15 HELCOR AIRMASS 
Aperture: 3, Filter: I, JD: geocentric
2456972.19072 -5.1159 0.0729 -2.7158 0.0088 99.9999 9.9999 -5.4784 0.0889 99.9999 9.9999 2.4001 0.0734 99.9999 9.9999 -0.3625 0.1150 99.9999 9.9999 99.9999 9.9999 -2.7626 0.0893 99.9999 9.9999 99.9999 9.9999 99.9999 9.9999 99.9999 9.9999 0.00332 2.732 
2456972.19244 -5.3163 0.1294 -2.7398 0.0130 99.9999 9.9999 99.9999 9.9999 99.9999 9.9999 2.5765 0.1300 99.9999 9.9999 99.9999 9.9999 99.9999 9.9999 99.9999 9.9999 99.9999 9.9999 99.9999 9.9999 99.9999 9.9999 99.9999 9.9999 99.9999 9.9999 0.00332 2.713 
2456972.19595 -5.1691 0.1060 -2.8447 0.0129 99.9999 9.9999 99.9999 9.9999 -5.6296 0.1499 2.3244 0.1068 99.9999 9.9999 99.9999 9.9999 -0.4605 0.1836 99.9999 9.9999 99.9999 9.9999 -2.7849 0.1504 99.9999 9.9999 99.9999 9.9999 99.9999 9.9999 0.00332 2.674 
2456972.19711 -5.2994 0.0876 -2.9919 0.0106 99.9999 9.9999 99.9999 9.9999 99.9999 9.9999 2.3075 0.0882 99.9999 9.9999 99.9999 9.9999 99.9999 9.9999 99.9999 9.9999 99.9999 9.9999 99.9999 9.9999 99.9999 9.9999 99.9999 9.9999 99.9999 9.9999 0.00332 2.661 
2456972.19826 -5.1921 0.0673 -2.6842 0.0072 -6.4389 0.1783 -5.3956 0.0717 -5.4312 0.0728 2.5079 0.0677 -1.2468 0.1906 -0.2035 0.0983 -0.2391 0.0991 -3.7547 0.1784 -2.7114 0.0721 -2.7470 0.0731 1.0433 0.1922 1.0077 0.1926 -0.0356 0.1022 0.00332 2.648 
2456972.19943 -5.2102 0.0939 -2.7870 0.0105 99.9999 9.9999 -5.3191 0.0917 -5.3680 0.0982 2.4232 0.0945 99.9999 9.9999 -0.1089 0.1312 -0.1578 0.1359 99.9999 9.9999 -2.5321 0.0923 -2.5810 0.0987 99.9999 9.9999 99.9999 9.9999 -0.0489 0.1344 0.00332 2.635 
2456972.20060 -5.1777 0.1221 -2.7858 0.0141 99.9999 9.9999 99.9999 9.9999 99.9999 9.9999 2.3919 0.1229 99.9999 9.9999 99.9999 9.9999 99.9999 9.9999 99.9999 9.9999 99.9999 9.9999 99.9999 9.9999 99.9999 9.9999 99.9999 9.9999 99.9999 9.9999 0.00332 2.622 
2456972.20294 -5.1056 0.1088 -2.7377 0.0130 99.9999 9.9999 99.9999 9.9999 -5.4656 0.1390 2.3679 0.1096 99.9999 9.9999 99.9999 9.9999 -0.3600 0.1765 99.9999 9.9999 99.9999 9.9999 -2.7279 0.1396 99.9999 9.9999 99.9999 9.9999 99.9999 9.9999 0.00332 2.597 
2456972.20411 -5.2634 0.0506 -3.1536 0.0078 -6.2585 0.1094 -5.4137 0.0500 -5.4151 0.0484 2.1098 0.0512 -0.9951 0.1205 -0.1503 0.0711 -0.1517 0.0700 -3.1049 0.1097 -2.2601 0.0506 -2.2615 0.0490 0.8448 0.1203 0.8434 0.1196 -0.0014 0.0696 0.00332 2.584 
2456972.20528 -5.1838 0.0321 -2.7155 0.0040 -6.1398 0.0591 -5.4673 0.0343 -5.4787 0.0336 2.4683 0.0323 -0.9560 0.0673 -0.2835 0.0470 -0.2949 0.0465 -3.4243 0.0592 -2.7518 0.0345 -2.7632 0.0338 0.6725 0.0683 0.6611 0.0680 -0.0114 0.0480 0.00332 2.571 
2456972.20646 -5.1361 0.0323 -2.7149 0.0040 -6.1314 0.0619 -5.4289 0.0350 -5.3855 0.0334 2.4212 0.0325 -0.9953 0.0698 -0.2928 0.0476 -0.2494 0.0465 -3.4165 0.0620 -2.7140 0.0352 -2.6706 0.0336 0.7025 0.0711 0.7459 0.0703 0.0434 0.0484 0.00332 2.558 
2456972.20762 -5.0765 0.0284 -2.6794 0.0037 -6.0572 0.0531 -5.4105 0.0300 -5.4358 0.0321 2.3971 0.0286 -0.9807 0.0602 -0.3340 0.0413 -0.3593 0.0429 -3.3778 0.0532 -2.7311 0.0302 -2.7564 0.0323 0.6467 0.0610 0.6214 0.0620 -0.0253 0.0439 0.00332 2.546 
2456972.20877 -5.1412 0.0254 -2.6777 0.0032 -6.1552 0.0476 -5.3825 0.0247 -5.3844 0.0242 2.4635 0.0256 -1.0140 0.0540 -0.2413 0.0354 -0.2432 0.0351 -3.4775 0.0477 -2.7048 0.0249 -2.7067 0.0244 0.7727 0.0536 0.7708 0.0534 -0.0019 0.0346 0.00332 2.533 
2456972.20994 -5.0839 0.0244 -2.7550 0.0033 -6.0169 0.0410 -5.3090 0.0225 -5.2217 0.0211 2.3289 0.0246 -0.9330 0.0477 -0.2251 0.0332 -0.1378 0.0323 -3.2619 0.0411 -2.5540 0.0227 -2.4667 0.0213 0.7079 0.0468 0.7952 0.0461 0.0873 0.0308 0.00333 2.520 
2456972.21110 -5.0873 0.0318 -2.7279 0.0041 -6.2416 0.0739 -5.3328 0.0319 -5.3429 0.0320 2.3594 0.0321 -1.1543 0.0805 -0.2455 0.0450 -0.2556 0.0451 -3.5137 0.0740 -2.6049 0.0321 -2.6150 0.0322 0.9088 0.0805 0.8987 0.0805 -0.0101 0.0452 0.00333 2.508 
2456972.21226 -5.1327 0.0264 -2.6681 0.0033 -6.1215 0.0482 -5.3611 0.0256 -5.3821 0.0255 2.4646 0.0266 -0.9888 0.0550 -0.2284 0.0368 -0.2494 0.0367 -3.4534 0.0483 -2.6930 0.0258 -2.7140 0.0257 0.7604 0.0546 0.7394 0.0545 -0.0210 0.0361 0.00333 2.496 
2456972.21512 -4.8394 0.0156 -2.4404 0.0023 -5.8967 0.0276 -5.1550 0.0148 -5.1342 0.0147 2.3990 0.0158 -1.0573 0.0317 -0.3156 0.0215 -0.2948 0.0214 -3.4563 0.0277 -2.7146 0.0150 -2.6938 0.0149 0.7417 0.0313 0.7625 0.0313 0.0208 0.0209 0.00333 2.465 
2456972.21624 -5.1571 0.0337 -2.6956 0.0043 -6.1950 0.0713 -5.4278 0.0357 -5.3989 0.0351 2.4615 0.0340 -1.0379 0.0789 -0.2707 0.0491 -0.2418 0.0487 -3.4994 0.0714 -2.7322 0.0359 -2.7033 0.0354 0.7672 0.0797 0.7961 0.0795 0.0289 0.0501 0.00333 2.453 
2456972.21691 -5.1585 0.0308 -2.6574 0.0039 -6.2135 0.0660 -5.5034 0.0342 -5.3634 0.0313 2.5011 0.0310 -1.0550 0.0728 -0.3449 0.0460 -0.2049 0.0439 -3.5561 0.0661 -2.8460 0.0344 -2.7060 0.0315 0.7101 0.0743 0.8501 0.0730 0.1400 0.0464 0.00333 2.446 
2456972.21796 -5.1795 0.0583 -2.7447 0.0071 99.9999 9.9999 -5.4595 0.0682 -5.4163 0.0667 2.4348 0.0587 99.9999 9.9999 -0.2800 0.0897 -0.2368 0.0886 99.9999 9.9999 -2.7148 0.0686 -2.6716 0.0671 99.9999 9.9999 99.9999 9.9999 0.0432 0.0954 0.00333 2.435 
2456972.21857 -5.1611 0.0623 -2.6747 0.0073 -6.2009 0.1408 -5.4601 0.0733 -5.3961 0.0680 2.4864 0.0627 -1.0398 0.1540 -0.2990 0.0962 -0.2350 0.0922 -3.5262 0.1410 -2.7854 0.0736 -2.7214 0.0684 0.7408 0.1587 0.8048 0.1564 0.0640 0.1000 0.00333 2.429 
2456972.21922 -5.1146 0.0641 -2.6400 0.0076 -5.9778 0.1231 -5.4556 0.0789 -5.4082 0.0759 2.4746 0.0645 -0.8632 0.1388 -0.3410 0.1017 -0.2936 0.0993 -3.3378 0.1233 -2.8156 0.0793 -2.7682 0.0763 0.5222 0.1462 0.5696 0.1446 0.0474 0.1095 0.00333 2.422 
2456972.21985 -5.2074 0.0810 -2.6972 0.0094 99.9999 9.9999 -5.4343 0.0899 -5.5531 0.1005 2.5102 0.0815 99.9999 9.9999 -0.2269 0.1210 -0.3457 0.1291 99.9999 9.9999 -2.7371 0.0904 -2.8559 0.1009 99.9999 9.9999 99.9999 9.9999 -0.1188 0.1348 0.00333 2.415 
2456972.22052 -5.1702 0.0732 -2.7693 0.0089 99.9999 9.9999 -5.5350 0.0894 -5.4175 0.0795 2.4009 0.0737 99.9999 9.9999 -0.3648 0.1155 -0.2473 0.1081 99.9999 9.9999 -2.7657 0.0898 -2.6482 0.0800 99.9999 9.9999 99.9999 9.9999 0.1175 0.1196 0.00333 2.408 
2456972.22114 -5.1029 0.0886 -2.5111 0.0095 99.9999 9.9999 -5.4312 0.1091 99.9999 9.9999 2.5918 0.0891 99.9999 9.9999 -0.3283 0.1405 99.9999 9.9999 99.9999 9.9999 -2.9201 0.1095 99.9999 9.9999 99.9999 9.9999 99.9999 9.9999 99.9999 9.9999 0.00333 2.402 
2456972.22178 -5.1581 0.1028 -2.4863 0.0103 99.9999 9.9999 -5.7129 0.1614 99.9999 9.9999 2.6718 0.1033 99.9999 9.9999 -0.5548 0.1914 99.9999 9.9999 99.9999 9.9999 -3.2266 0.1617 99.9999 9.9999 99.9999 9.9999 99.9999 9.9999 99.9999 9.9999 0.00333 2.395 
2456972.22242 -5.1419 0.1079 -2.7013 0.0129 99.9999 9.9999 -5.5445 0.1465 -5.3254 0.1211 2.4406 0.1086 99.9999 9.9999 -0.4026 0.1819 -0.1835 0.1622 99.9999 9.9999 -2.8432 0.1470 -2.6241 0.1218 99.9999 9.9999 99.9999 9.9999 0.2191 0.1901 0.00333 2.389 
2456972.23308 -5.0962 0.1093 -2.5681 0.0118 99.9999 9.9999 99.9999 9.9999 99.9999 9.9999 2.5281 0.1099 99.9999 9.9999 99.9999 9.9999 99.9999 9.9999 99.9999 9.9999 99.9999 9.9999 99.9999 9.9999 99.9999 9.9999 99.9999 9.9999 99.9999 9.9999 0.00333 2.281 
2456972.23377 -5.1983 0.0855 -2.5773 0.0087 99.9999 9.9999 -5.5409 0.1047 -5.5649 0.1126 2.6210 0.0859 99.9999 9.9999 -0.3426 0.1352 -0.3666 0.1414 99.9999 9.9999 -2.9636 0.1050 -2.9876 0.1129 99.9999 9.9999 99.9999 9.9999 -0.0240 0.1538 0.00333 2.274 
2456972.23446 -5.1353 0.0646 -2.4358 0.0065 99.9999 9.9999 -5.3908 0.0721 -5.5125 0.0813 2.6995 0.0649 99.9999 9.9999 -0.2555 0.0968 -0.3772 0.1038 99.9999 9.9999 -2.9550 0.0724 -3.0767 0.0815 99.9999 9.9999 99.9999 9.9999 -0.1217 0.1087 0.00333 2.267 
2456972.23516 -5.1995 0.0502 -2.6778 0.0058 -6.1528 0.1031 -5.3709 0.0491 -5.4453 0.0535 2.5217 0.0505 -0.9533 0.1147 -0.1714 0.0702 -0.2458 0.0734 -3.4750 0.1033 -2.6931 0.0494 -2.7675 0.0538 0.7819 0.1142 0.7075 0.1162 -0.0744 0.0726 0.00333 2.261 
2456972.23587 -5.1205 0.0627 -2.7493 0.0080 -6.0477 0.1243 -5.2549 0.0616 -5.4699 0.0795 2.3712 0.0632 -0.9272 0.1392 -0.1344 0.0879 -0.3494 0.1012 -3.2984 0.1246 -2.5056 0.0621 -2.7206 0.0799 0.7928 0.1387 0.5778 0.1475 -0.2150 0.1006 0.00333 2.254 
2456972.23656 -5.1230 0.0601 -2.6651 0.0071 99.9999 9.9999 -5.3576 0.0646 -5.4352 0.0722 2.4579 0.0605 99.9999 9.9999 -0.2346 0.0882 -0.3122 0.0939 99.9999 9.9999 -2.6925 0.0650 -2.7701 0.0725 99.9999 9.9999 99.9999 9.9999 -0.0776 0.0969 0.00333 2.247 
2456972.23727 -5.1880 0.0499 -2.7846 0.0063 99.9999 9.9999 -5.4328 0.0527 -5.3727 0.0544 2.4034 0.0503 99.9999 9.9999 -0.2448 0.0726 -0.1847 0.0738 99.9999 9.9999 -2.6482 0.0531 -2.5881 0.0548 99.9999 9.9999 99.9999 9.9999 0.0601 0.0757 0.00333 2.240 
2456972.23796 -5.1164 0.0477 -2.7529 0.0063 -6.0333 0.0969 -5.3073 0.0495 -5.2930 0.0499 2.3635 0.0481 -0.9169 0.1080 -0.1909 0.0687 -0.1766 0.0690 -3.2804 0.0971 -2.5544 0.0499 -2.5401 0.0503 0.7260 0.1088 0.7403 0.1090 0.0143 0.0703 0.00333 2.233 
2456972.23866 -5.1422 0.0500 -2.7288 0.0063 99.9999 9.9999 -5.4092 0.0556 -5.4656 0.0586 2.4134 0.0504 99.9999 9.9999 -0.2670 0.0748 -0.3234 0.0770 99.9999 9.9999 -2.6804 0.0559 -2.7368 0.0589 99.9999 9.9999 99.9999 9.9999 -0.0564 0.0808 0.00333 2.227 
2456972.23933 -5.1051 0.0781 -2.7896 0.0099 99.9999 9.9999 -5.4603 0.0907 -5.1887 0.0785 2.3155 0.0787 99.9999 9.9999 -0.3552 0.1197 -0.0836 0.1107 99.9999 9.9999 -2.6707 0.0912 -2.3991 0.0791 99.9999 9.9999 99.9999 9.9999 0.2716 0.1200 0.00333 2.220 
2456972.24005 -5.0709 0.0567 -2.6656 0.0067 99.9999 9.9999 -5.3070 0.0598 -5.3877 0.0660 2.4053 0.0571 99.9999 9.9999 -0.2361 0.0824 -0.3168 0.0870 99.9999 9.9999 -2.6414 0.0602 -2.7221 0.0663 99.9999 9.9999 99.9999 9.9999 -0.0807 0.0891 0.00333 2.213 
2456972.24074 -5.1452 0.0581 -2.8358 0.0078 99.9999 9.9999 -5.4211 0.0642 -5.3544 0.0617 2.3094 0.0586 99.9999 9.9999 -0.2759 0.0866 -0.2092 0.0847 99.9999 9.9999 -2.5853 0.0647 -2.5186 0.0622 99.9999 9.9999 99.9999 9.9999 0.0667 0.0890 0.00333 2.207 
2456972.24144 -5.1901 0.0759 -2.5807 0.0083 99.9999 9.9999 -5.3016 0.0789 -5.3245 0.0797 2.6094 0.0763 99.9999 9.9999 -0.1115 0.1095 -0.1344 0.1101 99.9999 9.9999 -2.7209 0.0793 -2.7438 0.0801 99.9999 9.9999 99.9999 9.9999 -0.0229 0.1121 0.00333 2.200 
2456972.24214 -5.1180 0.0565 -2.6788 0.0069 -6.1898 0.1313 -5.3511 0.0631 -5.3363 0.0625 2.4392 0.0569 -1.0718 0.1429 -0.2331 0.0847 -0.2183 0.0843 -3.5110 0.1315 -2.6723 0.0635 -2.6575 0.0629 0.8387 0.1457 0.8535 0.1454 0.0148 0.0888 0.00333 2.194 
2456972.24282 -5.1275 0.0574 -2.6489 0.0066 -6.1581 0.1193 -5.4182 0.0619 -5.3141 0.0561 2.4786 0.0578 -1.0306 0.1324 -0.2907 0.0844 -0.1866 0.0803 -3.5092 0.1195 -2.7693 0.0622 -2.6652 0.0565 0.7399 0.1344 0.8440 0.1318 0.1041 0.0835 0.00333 2.187 
2456972.24351 -5.0847 0.0514 -2.7877 0.0068 99.9999 9.9999 -5.3821 0.0543 -5.3756 0.0579 2.2970 0.0518 99.9999 9.9999 -0.2974 0.0748 -0.2909 0.0774 99.9999 9.9999 -2.5944 0.0547 -2.5879 0.0583 99.9999 9.9999 99.9999 9.9999 0.0065 0.0794 0.00333 2.181 
2456972.24419 -5.1409 0.0620 -2.5455 0.0066 99.9999 9.9999 -5.2767 0.0614 -5.4151 0.0703 2.5954 0.0623 99.9999 9.9999 -0.1358 0.0873 -0.2742 0.0937 99.9999 9.9999 -2.7312 0.0617 -2.8696 0.0706 99.9999 9.9999 99.9999 9.9999 -0.1384 0.0933 0.00333 2.174 
2456972.24486 -5.0674 0.0629 -2.5937 0.0075 99.9999 9.9999 -5.3626 0.0736 -5.2558 0.0667 2.4737 0.0633 99.9999 9.9999 -0.2952 0.0968 -0.1884 0.0917 99.9999 9.9999 -2.7689 0.0740 -2.6621 0.0671 99.9999 9.9999 99.9999 9.9999 0.1068 0.0993 0.00333 2.168 
2456972.24554 -5.1233 0.0493 -2.5602 0.0058 99.9999 9.9999 -5.3616 0.0529 -5.5332 0.0649 2.5631 0.0496 99.9999 9.9999 -0.2383 0.0723 -0.4099 0.0815 99.9999 9.9999 -2.8014 0.0532 -2.9730 0.0651 99.9999 9.9999 99.9999 9.9999 -0.1716 0.0837 0.00333 2.162 
2456972.24623 -5.1124 0.0436 -2.7839 0.0059 -6.1050 0.0909 -5.3799 0.0471 -5.2529 0.0438 2.3285 0.0440 -0.9926 0.1008 -0.2675 0.0642 -0.1405 0.0618 -3.3211 0.0911 -2.5960 0.0475 -2.4690 0.0442 0.7251 0.1024 0.8521 0.1009 0.1270 0.0643 0.00333 2.155 
2456972.24691 -5.1987 0.0569 -2.6217 0.0060 99.9999 9.9999 -5.3101 0.0533 -5.3209 0.0543 2.5770 0.0572 99.9999 9.9999 -0.1114 0.0780 -0.1222 0.0787 99.9999 9.9999 -2.6884 0.0536 -2.6992 0.0546 99.9999 9.9999 99.9999 9.9999 -0.0108 0.0761 0.00333 2.149 
2456972.24758 -5.0944 0.0576 -2.4713 0.0061 99.9999 9.9999 -5.4354 0.0681 -5.4356 0.0700 2.6231 0.0579 99.9999 9.9999 -0.3410 0.0892 -0.3412 0.0907 99.9999 9.9999 -2.9641 0.0684 -2.9643 0.0702 99.9999 9.9999 99.9999 9.9999 -0.0002 0.0977 0.00333 2.143 
2456972.24826 -5.1320 0.0477 -2.5976 0.0056 99.9999 9.9999 -5.3380 0.0494 -5.4806 0.0564 2.5344 0.0480 99.9999 9.9999 -0.2060 0.0687 -0.3486 0.0739 99.9999 9.9999 -2.7404 0.0497 -2.8830 0.0567 99.9999 9.9999 99.9999 9.9999 -0.1426 0.0750 0.00333 2.137 
2456972.24894 -5.0339 0.0611 -2.6145 0.0078 99.9999 9.9999 -5.4664 0.0861 -5.4669 0.0860 2.4194 0.0616 99.9999 9.9999 -0.4325 0.1056 -0.4330 0.1055 99.9999 9.9999 -2.8519 0.0864 -2.8524 0.0863 99.9999 9.9999 99.9999 9.9999 -0.0005 0.1217 0.00333 2.130 
2456972.24966 -5.0814 0.0772 -2.6092 0.0087 99.9999 9.9999 99.9999 9.9999 -5.2202 0.0752 2.4722 0.0777 99.9999 9.9999 99.9999 9.9999 -0.1388 0.1078 99.9999 9.9999 99.9999 9.9999 -2.6110 0.0757 99.9999 9.9999 99.9999 9.9999 99.9999 9.9999 0.00333 2.124 
2456972.25036 -5.1354 0.0653 -2.5671 0.0074 99.9999 9.9999 -5.4780 0.0835 -5.4412 0.0831 2.5683 0.0657 99.9999 9.9999 -0.3426 0.1060 -0.3058 0.1057 99.9999 9.9999 -2.9109 0.0838 -2.8741 0.0834 99.9999 9.9999 99.9999 9.9999 0.0368 0.1178 0.00333 2.117 
2456972.25105 -5.1284 0.0672 -2.5447 0.0072 99.9999 9.9999 -5.6201 0.0944 -5.4165 0.0786 2.5837 0.0676 99.9999 9.9999 -0.4917 0.1159 -0.2881 0.1034 99.9999 9.9999 -3.0754 0.0947 -2.8718 0.0789 99.9999 9.9999 99.9999 9.9999 0.2036 0.1228 0.00333 2.111 
2456972.25175 -5.0665 0.0543 -2.7097 0.0069 99.9999 9.9999 -5.4143 0.0647 -5.5186 0.0717 2.3568 0.0547 99.9999 9.9999 -0.3478 0.0845 -0.4521 0.0899 99.9999 9.9999 -2.7046 0.0651 -2.8089 0.0720 99.9999 9.9999 99.9999 9.9999 -0.1043 0.0966 0.00333 2.105 
2456972.25244 -5.1030 0.0449 -2.5535 0.0052 99.9999 9.9999 -5.3241 0.0472 -5.3901 0.0499 2.5495 0.0452 99.9999 9.9999 -0.2211 0.0651 -0.2871 0.0671 99.9999 9.9999 -2.7706 0.0475 -2.8366 0.0502 99.9999 9.9999 99.9999 9.9999 -0.0660 0.0687 0.00333 2.099 
2456972.25314 -5.0682 0.0428 -2.6209 0.0054 -6.2763 0.1048 -5.3426 0.0458 -5.3883 0.0504 2.4473 0.0431 -1.2081 0.1132 -0.2744 0.0627 -0.3201 0.0661 -3.6554 0.1049 -2.7217 0.0461 -2.7674 0.0507 0.9337 0.1144 0.8880 0.1163 -0.0457 0.0681 0.00333 2.092 
2456972.25382 -5.0862 0.0521 -2.5202 0.0058 99.9999 9.9999 -5.3529 0.0564 -5.2912 0.0552 2.5660 0.0524 99.9999 9.9999 -0.2667 0.0768 -0.2050 0.0759 99.9999 9.9999 -2.8327 0.0567 -2.7710 0.0555 99.9999 9.9999 99.9999 9.9999 0.0617 0.0789 0.00333 2.086 
2456972.25451 -5.0334 0.0378 -2.4855 0.0046 -6.1007 0.0862 -5.3950 0.0450 -5.3965 0.0446 2.5479 0.0381 -1.0673 0.0941 -0.3616 0.0588 -0.3631 0.0585 -3.6152 0.0863 -2.9095 0.0452 -2.9110 0.0448 0.7057 0.0972 0.7042 0.0971 -0.0015 0.0634 0.00333 2.080 
2456972.25522 -5.0881 0.0369 -2.7435 0.0049 -6.1138 0.0719 -5.3793 0.0398 -5.3806 0.0394 2.3446 0.0372 -1.0257 0.0808 -0.2912 0.0543 -0.2925 0.0540 -3.3703 0.0721 -2.6358 0.0401 -2.6371 0.0397 0.7345 0.0822 0.7332 0.0820 -0.0013 0.0560 0.00333 2.074 
2456972.25593 -5.0534 0.0391 -2.4725 0.0047 -6.2151 0.0950 -5.2430 0.0405 -5.3174 0.0424 2.5809 0.0394 -1.1617 0.1027 -0.1896 0.0563 -0.2640 0.0577 -3.7426 0.0951 -2.7705 0.0408 -2.8449 0.0426 0.9721 0.1033 0.8977 0.1040 -0.0744 0.0586 0.00333 2.068 
2456972.25662 -5.0329 0.0436 -2.5733 0.0054 99.9999 9.9999 -5.3312 0.0498 -5.4284 0.0552 2.4596 0.0439 99.9999 9.9999 -0.2983 0.0662 -0.3955 0.0703 99.9999 9.9999 -2.7579 0.0501 -2.8551 0.0555 99.9999 9.9999 99.9999 9.9999 -0.0972 0.0743 0.00333 2.062 
2456972.25730 -4.9748 0.0374 -2.5622 0.0050 99.9999 9.9999 -5.3334 0.0428 -5.3635 0.0450 2.4126 0.0377 99.9999 9.9999 -0.3586 0.0568 -0.3887 0.0585 99.9999 9.9999 -2.7712 0.0431 -2.8013 0.0453 99.9999 9.9999 99.9999 9.9999 -0.0301 0.0621 0.00333 2.056 
2456972.25800 -5.0817 0.0477 -2.5976 0.0057 99.9999 9.9999 -5.2013 0.0459 -5.2624 0.0503 2.4841 0.0480 99.9999 9.9999 -0.1196 0.0662 -0.1807 0.0693 99.9999 9.9999 -2.6037 0.0462 -2.6648 0.0506 99.9999 9.9999 99.9999 9.9999 -0.0611 0.0681 0.00333 2.050 
2456972.25870 -5.1817 0.0554 -2.6931 0.0063 -6.0272 0.1021 -5.3746 0.0581 -5.2471 0.0500 2.4886 0.0557 -0.8455 0.1162 -0.1929 0.0803 -0.0654 0.0746 -3.3341 0.1023 -2.6815 0.0584 -2.5540 0.0504 0.6526 0.1175 0.7801 0.1137 0.1275 0.0767 0.00333 2.044 
2456972.26009 -5.0777 0.0527 -2.6392 0.0062 -6.1189 0.1106 -5.3835 0.0611 -5.3746 0.0607 2.4385 0.0531 -1.0412 0.1225 -0.3058 0.0807 -0.2969 0.0804 -3.4797 0.1108 -2.7443 0.0614 -2.7354 0.0610 0.7354 0.1264 0.7443 0.1262 0.0089 0.0861 0.00333 2.032 
2456972.26216 -5.0990 0.0721 -2.6242 0.0083 99.9999 9.9999 -5.3931 0.0857 -5.4835 0.0955 2.4748 0.0726 99.9999 9.9999 -0.2941 0.1120 -0.3845 0.1197 99.9999 9.9999 -2.7689 0.0861 -2.8593 0.0958 99.9999 9.9999 99.9999 9.9999 -0.0904 0.1283 0.00333 2.014 
2456972.26286 -5.0708 0.0847 -2.5318 0.0090 99.9999 9.9999 99.9999 9.9999 -5.2298 0.0911 2.5390 0.0852 99.9999 9.9999 99.9999 9.9999 -0.1590 0.1244 99.9999 9.9999 99.9999 9.9999 -2.6980 0.0915 99.9999 9.9999 99.9999 9.9999 99.9999 9.9999 0.00333 2.008 
2456972.26355 -5.1082 0.0882 -2.5380 0.0100 99.9999 9.9999 -5.2259 0.0974 99.9999 9.9999 2.5702 0.0887 99.9999 9.9999 -0.1177 0.1314 99.9999 9.9999 99.9999 9.9999 -2.6879 0.0979 99.9999 9.9999 99.9999 9.9999 99.9999 9.9999 99.9999 9.9999 0.00333 2.002 
2456972.26426 -4.9714 0.0615 -2.6498 0.0082 99.9999 9.9999 -5.4843 0.0902 99.9999 9.9999 2.3216 0.0620 99.9999 9.9999 -0.5129 0.1092 99.9999 9.9999 99.9999 9.9999 -2.8345 0.0906 99.9999 9.9999 99.9999 9.9999 99.9999 9.9999 99.9999 9.9999 0.00333 1.996 
2456972.26494 -5.1435 0.0760 -2.6525 0.0086 99.9999 9.9999 -5.3628 0.0841 -5.3926 0.0913 2.4910 0.0765 99.9999 9.9999 -0.2193 0.1134 -0.2491 0.1188 99.9999 9.9999 -2.7103 0.0845 -2.7401 0.0917 99.9999 9.9999 99.9999 9.9999 -0.0298 0.1241 0.00333 1.991 
2456972.27581 -5.2187 0.1769 -2.5491 0.0163 99.9999 9.9999 -5.2490 0.1819 99.9999 9.9999 2.6696 0.1776 99.9999 9.9999 -0.0303 0.2537 99.9999 9.9999 99.9999 9.9999 -2.6999 0.1826 99.9999 9.9999 99.9999 9.9999 99.9999 9.9999 99.9999 9.9999 0.00333 1.903 
2456972.27789 -5.1380 0.1449 -2.5263 0.0136 99.9999 9.9999 99.9999 9.9999 99.9999 9.9999 2.6117 0.1455 99.9999 9.9999 99.9999 9.9999 99.9999 9.9999 99.9999 9.9999 99.9999 9.9999 99.9999 9.9999 99.9999 9.9999 99.9999 9.9999 99.9999 9.9999 0.00333 1.887 
2456972.28068 -5.1123 0.1725 -2.5509 0.0165 99.9999 9.9999 99.9999 9.9999 99.9999 9.9999 2.5614 0.1733 99.9999 9.9999 99.9999 9.9999 99.9999 9.9999 99.9999 9.9999 99.9999 9.9999 99.9999 9.9999 99.9999 9.9999 99.9999 9.9999 99.9999 9.9999 0.00333 1.865 
2456972.28211 -5.0828 0.1074 -2.4471 0.0107 99.9999 9.9999 99.9999 9.9999 99.9999 9.9999 2.6357 0.1079 99.9999 9.9999 99.9999 9.9999 99.9999 9.9999 99.9999 9.9999 99.9999 9.9999 99.9999 9.9999 99.9999 9.9999 99.9999 9.9999 99.9999 9.9999 0.00333 1.855 
2456972.28280 -5.0289 0.0839 -2.6174 0.0099 99.9999 9.9999 -5.4385 0.1100 -5.4205 0.1125 2.4115 0.0845 99.9999 9.9999 -0.4096 0.1383 -0.3916 0.1403 99.9999 9.9999 -2.8211 0.1104 -2.8031 0.1129 99.9999 9.9999 99.9999 9.9999 0.0180 0.1573 0.00333 1.849 
2456972.28351 -5.0294 0.0782 -2.5180 0.0088 99.9999 9.9999 -5.2181 0.0891 -5.3799 0.1037 2.5114 0.0787 99.9999 9.9999 -0.1887 0.1185 -0.3505 0.1299 99.9999 9.9999 -2.7001 0.0895 -2.8619 0.1041 99.9999 9.9999 99.9999 9.9999 -0.1618 0.1367 0.00333 1.844 
2456972.28420 -5.0607 0.0701 -2.5165 0.0080 99.9999 9.9999 -5.3865 0.0882 99.9999 9.9999 2.5442 0.0705 99.9999 9.9999 -0.3258 0.1127 99.9999 9.9999 99.9999 9.9999 -2.8700 0.0885 99.9999 9.9999 99.9999 9.9999 99.9999 9.9999 99.9999 9.9999 0.00333 1.839 
2456972.28491 -5.0371 0.0686 -2.5197 0.0076 99.9999 9.9999 99.9999 9.9999 -5.2716 0.0807 2.5174 0.0690 99.9999 9.9999 99.9999 9.9999 -0.2345 0.1059 99.9999 9.9999 99.9999 9.9999 -2.7519 0.0810 99.9999 9.9999 99.9999 9.9999 99.9999 9.9999 0.00333 1.834 
2456972.28560 -5.1014 0.0556 -2.6744 0.0068 99.9999 9.9999 -5.1789 0.0555 -5.1347 0.0538 2.4270 0.0560 99.9999 9.9999 -0.0775 0.0786 -0.0333 0.0774 99.9999 9.9999 -2.5045 0.0559 -2.4603 0.0542 99.9999 9.9999 99.9999 9.9999 0.0442 0.0773 0.00333 1.829 
2456972.28631 -4.9961 0.0472 99.9999 9.9999 99.9999 9.9999 -5.2769 0.0547 -5.2445 0.0544 99.9999 9.9999 99.9999 9.9999 -0.2808 0.0722 -0.2484 0.0720 99.9999 9.9999 99.9999 9.9999 99.9999 9.9999 99.9999 9.9999 99.9999 9.9999 0.0324 0.0771 0.00333 1.823 
2456972.28699 -5.0141 0.0452 -2.5528 0.0054 -6.1305 0.1049 -5.2584 0.0490 -5.2690 0.0494 2.4613 0.0455 -1.1164 0.1142 -0.2443 0.0667 -0.2549 0.0670 -3.5777 0.1050 -2.7056 0.0493 -2.7162 0.0497 0.8721 0.1158 0.8615 0.1159 -0.0106 0.0696 0.00333 1.819 
2456972.28770 -4.9818 0.0382 -2.5758 0.0051 -6.1156 0.0879 -5.2606 0.0428 -5.2805 0.0455 2.4060 0.0385 -1.1338 0.0958 -0.2788 0.0574 -0.2987 0.0594 -3.5398 0.0880 -2.6848 0.0431 -2.7047 0.0458 0.8550 0.0978 0.8351 0.0990 -0.0199 0.0625 0.00333 1.813 
2456972.28839 -5.0389 0.0409 -2.6298 0.0052 -6.1505 0.0867 -5.2737 0.0435 -5.3252 0.0441 2.4091 0.0412 -1.1116 0.0959 -0.2348 0.0597 -0.2863 0.0601 -3.5207 0.0868 -2.6439 0.0438 -2.6954 0.0444 0.8768 0.0970 0.8253 0.0973 -0.0515 0.0619 0.00333 1.808 
2456972.28907 -4.9742 0.0379 -2.4880 0.0045 -6.0178 0.0775 -5.3116 0.0420 -5.4129 0.0471 2.4862 0.0382 -1.0436 0.0863 -0.3374 0.0566 -0.4387 0.0605 -3.5298 0.0776 -2.8236 0.0422 -2.9249 0.0473 0.7062 0.0881 0.6049 0.0907 -0.1013 0.0631 0.00333 1.803 
2456972.28978 -4.9789 0.0337 -2.5381 0.0044 -6.0509 0.0731 -5.2904 0.0386 -5.3447 0.0398 2.4408 0.0340 -1.0720 0.0805 -0.3115 0.0512 -0.3658 0.0522 -3.5128 0.0732 -2.7523 0.0388 -2.8066 0.0400 0.7605 0.0827 0.7062 0.0832 -0.0543 0.0554 0.00333 1.798 
2456972.29046 -5.0035 0.0306 -2.5694 0.0041 -6.0619 0.0636 -5.2226 0.0301 -5.2512 0.0318 2.4341 0.0309 -1.0584 0.0706 -0.2191 0.0429 -0.2477 0.0441 -3.4925 0.0637 -2.6532 0.0304 -2.6818 0.0321 0.8393 0.0704 0.8107 0.0711 -0.0286 0.0438 0.00333 1.794 
2456972.29116 -5.0109 0.0350 -2.6262 0.0046 -6.1348 0.0809 -5.3243 0.0389 -5.3280 0.0394 2.3847 0.0353 -1.1239 0.0881 -0.3134 0.0523 -0.3171 0.0527 -3.5086 0.0810 -2.6981 0.0392 -2.7018 0.0397 0.8105 0.0898 0.8068 0.0900 -0.0037 0.0554 0.00333 1.789 
2456972.29184 -4.9841 0.0308 -2.5671 0.0042 -6.1007 0.0691 -5.2610 0.0335 -5.2185 0.0315 2.4170 0.0311 -1.1166 0.0757 -0.2769 0.0455 -0.2344 0.0441 -3.5336 0.0692 -2.6939 0.0337 -2.6514 0.0318 0.8397 0.0768 0.8822 0.0759 0.0425 0.0460 0.00333 1.784 
2456972.29251 -4.9763 0.0286 -2.5889 0.0040 -6.0579 0.0618 -5.3508 0.0341 -5.2751 0.0340 2.3874 0.0289 -1.0816 0.0681 -0.3745 0.0445 -0.2988 0.0444 -3.4690 0.0619 -2.7619 0.0343 -2.6862 0.0342 0.7071 0.0706 0.7828 0.0705 0.0757 0.0482 0.00333 1.779 
2456972.29319 -4.9956 0.0320 -2.5871 0.0043 99.9999 9.9999 -5.3054 0.0366 -5.2981 0.0358 2.4085 0.0323 99.9999 9.9999 -0.3098 0.0486 -0.3025 0.0480 99.9999 9.9999 -2.7183 0.0368 -2.7110 0.0360 99.9999 9.9999 99.9999 9.9999 0.0073 0.0512 0.00333 1.774 
2456972.29388 -4.9961 0.0304 -2.5171 0.0040 -6.1132 0.0662 -5.2206 0.0323 -5.2636 0.0339 2.4790 0.0306 -1.1171 0.0728 -0.2245 0.0444 -0.2675 0.0455 -3.5961 0.0663 -2.7035 0.0325 -2.7465 0.0341 0.8926 0.0737 0.8496 0.0744 -0.0430 0.0468 0.00333 1.770 
2456972.29455 -4.9893 0.0306 -2.5543 0.0039 -5.9743 0.0566 -5.3107 0.0342 -5.3209 0.0343 2.4350 0.0308 -0.9850 0.0643 -0.3214 0.0459 -0.3316 0.0460 -3.4200 0.0567 -2.7564 0.0344 -2.7666 0.0345 0.6636 0.0661 0.6534 0.0662 -0.0102 0.0484 0.00333 1.765 
2456972.29523 -5.0108 0.0285 -2.5717 0.0039 -6.0102 0.0559 -5.2361 0.0299 -5.3308 0.0329 2.4391 0.0288 -0.9994 0.0627 -0.2253 0.0413 -0.3200 0.0435 -3.4385 0.0560 -2.6644 0.0301 -2.7591 0.0331 0.7741 0.0634 0.6794 0.0649 -0.0947 0.0445 0.00333 1.760 
2456972.29595 -4.9588 0.0258 99.9999 9.9999 -6.0457 0.0563 -5.2839 0.0299 -5.2469 0.0272 99.9999 9.9999 -1.0869 0.0619 -0.3251 0.0395 -0.2881 0.0375 99.9999 9.9999 99.9999 9.9999 99.9999 9.9999 0.7618 0.0637 0.7988 0.0625 0.0370 0.0404 0.00333 1.755 
2456972.29662 -5.0133 0.0294 -2.6153 0.0040 -6.0698 0.0610 -5.2868 0.0318 -5.2790 0.0323 2.3980 0.0297 -1.0565 0.0677 -0.2735 0.0433 -0.2657 0.0437 -3.4545 0.0611 -2.6715 0.0320 -2.6637 0.0325 0.7830 0.0688 0.7908 0.0690 0.0078 0.0453 0.00333 1.751 
2456972.29730 -4.9957 0.0316 -2.6106 0.0043 -6.0365 0.0662 -5.2954 0.0355 -5.2653 0.0353 2.3851 0.0319 -1.0408 0.0734 -0.2997 0.0475 -0.2696 0.0474 -3.4259 0.0663 -2.6848 0.0357 -2.6547 0.0355 0.7411 0.0751 0.7712 0.0750 0.0301 0.0501 0.00333 1.746 
2456972.29798 -5.0541 0.0301 -2.5826 0.0039 -6.1009 0.0608 -5.3021 0.0319 -5.2454 0.0309 2.4715 0.0303 -1.0468 0.0678 -0.2480 0.0439 -0.1913 0.0431 -3.5183 0.0609 -2.7195 0.0321 -2.6628 0.0311 0.7988 0.0687 0.8555 0.0682 0.0567 0.0444 0.00333 1.741 
2456972.29866 -4.9873 0.0292 -2.6155 0.0041 -6.0377 0.0603 -5.3110 0.0332 -5.2400 0.0307 2.3718 0.0295 -1.0504 0.0670 -0.3237 0.0442 -0.2527 0.0424 -3.4222 0.0604 -2.6955 0.0334 -2.6245 0.0310 0.7267 0.0688 0.7977 0.0677 0.0710 0.0452 0.00333 1.737 
2456972.29933 -5.0171 0.0292 -2.5691 0.0039 -5.9548 0.0545 -5.2173 0.0299 -5.2982 0.0331 2.4480 0.0294 -0.9377 0.0618 -0.2002 0.0418 -0.2811 0.0441 -3.3857 0.0546 -2.6482 0.0301 -2.7291 0.0333 0.7375 0.0622 0.6566 0.0638 -0.0809 0.0446 0.00333 1.732 
2456972.30001 -4.9651 0.0291 -2.6674 0.0042 -6.1227 0.0633 -5.3010 0.0316 -5.2761 0.0312 2.2977 0.0294 -1.1576 0.0697 -0.3359 0.0430 -0.3110 0.0427 -3.4553 0.0634 -2.6336 0.0319 -2.6087 0.0315 0.8217 0.0707 0.8466 0.0706 0.0249 0.0444 0.00333 1.728 
2456972.30068 -5.0313 0.0326 -2.6085 0.0043 -6.0723 0.0653 -5.2654 0.0336 -5.2713 0.0347 2.4228 0.0329 -1.0410 0.0730 -0.2341 0.0468 -0.2400 0.0476 -3.4638 0.0654 -2.6569 0.0339 -2.6628 0.0350 0.8069 0.0734 0.8010 0.0739 -0.0059 0.0483 0.00333 1.723 
2456972.30137 -4.9797 0.0308 -2.5545 0.0041 -6.0814 0.0679 -5.2840 0.0340 -5.2982 0.0360 2.4252 0.0311 -1.1017 0.0746 -0.3043 0.0459 -0.3185 0.0474 -3.5269 0.0680 -2.7295 0.0342 -2.7437 0.0362 0.7974 0.0759 0.7832 0.0769 -0.0142 0.0495 0.00333 1.719 
2456972.30204 -4.9977 0.0305 -2.5454 0.0040 -6.1274 0.0707 -5.2919 0.0354 -5.3056 0.0351 2.4523 0.0307 -1.1297 0.0770 -0.2942 0.0467 -0.3079 0.0465 -3.5820 0.0708 -2.7465 0.0356 -2.7602 0.0353 0.8355 0.0791 0.8218 0.0789 -0.0137 0.0499 0.00333 1.714 
2456972.30272 -4.9755 0.0310 -2.6094 0.0043 -6.1211 0.0699 -5.3000 0.0354 -5.2801 0.0345 2.3661 0.0313 -1.1456 0.0765 -0.3245 0.0471 -0.3046 0.0464 -3.5117 0.0700 -2.6906 0.0356 -2.6707 0.0348 0.8211 0.0784 0.8410 0.0780 0.0199 0.0494 0.00333 1.710 
2456972.30343 -5.0136 0.0348 -2.6026 0.0045 99.9999 9.9999 -5.2874 0.0376 -5.3560 0.0396 2.4110 0.0351 99.9999 9.9999 -0.2738 0.0512 -0.3424 0.0527 99.9999 9.9999 -2.6848 0.0379 -2.7534 0.0398 99.9999 9.9999 99.9999 9.9999 -0.0686 0.0546 0.00333 1.705 
2456972.30410 -4.9823 0.0324 -2.5571 0.0042 -6.0653 0.0682 -5.2272 0.0356 -5.3098 0.0390 2.4252 0.0327 -1.0830 0.0755 -0.2449 0.0481 -0.3275 0.0507 -3.5082 0.0683 -2.6701 0.0358 -2.7527 0.0392 0.8381 0.0769 0.7555 0.0786 -0.0826 0.0528 0.00333 1.701 
2456972.30477 -4.9962 0.0310 -2.5565 0.0040 -6.0504 0.0619 -5.2842 0.0327 -5.3222 0.0354 2.4397 0.0312 -1.0542 0.0692 -0.2880 0.0451 -0.3260 0.0471 -3.4939 0.0620 -2.7277 0.0329 -2.7657 0.0356 0.7662 0.0700 0.7282 0.0713 -0.0380 0.0482 0.00333 1.696 
2456972.30545 -5.0270 0.0309 -2.6321 0.0041 -6.0754 0.0667 -5.2399 0.0310 -5.3167 0.0340 2.3949 0.0312 -1.0484 0.0735 -0.2129 0.0438 -0.2897 0.0459 -3.4433 0.0668 -2.6078 0.0313 -2.6846 0.0342 0.8355 0.0736 0.7587 0.0749 -0.0768 0.0460 0.00333 1.692 
2456972.30612 -4.9627 0.0335 -2.5581 0.0044 -6.1472 0.0835 -5.2767 0.0406 -5.3011 0.0406 2.4046 0.0338 -1.1845 0.0900 -0.3140 0.0526 -0.3384 0.0526 -3.5891 0.0836 -2.7186 0.0408 -2.7430 0.0408 0.8705 0.0928 0.8461 0.0928 -0.0244 0.0574 0.00333 1.688 
2456972.30681 -5.0008 0.0340 -2.5865 0.0044 -6.1379 0.0777 -5.2729 0.0372 -5.2488 0.0362 2.4143 0.0343 -1.1371 0.0848 -0.2721 0.0504 -0.2480 0.0497 -3.5514 0.0778 -2.6864 0.0374 -2.6623 0.0365 0.8650 0.0861 0.8891 0.0857 0.0241 0.0519 0.00333 1.683 
2456972.30749 -5.0803 0.0378 -2.5579 0.0045 -6.0979 0.0777 -5.2912 0.0409 -5.3848 0.0435 2.5224 0.0381 -1.0176 0.0864 -0.2109 0.0557 -0.3045 0.0576 -3.5400 0.0778 -2.7333 0.0411 -2.8269 0.0437 0.8067 0.0878 0.7131 0.0890 -0.0936 0.0597 0.00333 1.679 
2456972.30816 -4.9590 0.0309 -2.6208 0.0045 99.9999 9.9999 -5.2270 0.0339 -5.2932 0.0378 2.3382 0.0312 99.9999 9.9999 -0.2680 0.0459 -0.3342 0.0488 99.9999 9.9999 -2.6062 0.0342 -2.6724 0.0381 99.9999 9.9999 99.9999 9.9999 -0.0662 0.0508 0.00333 1.675 
2456972.30884 -5.0033 0.0301 -2.5558 0.0039 -6.0237 0.0600 -5.2753 0.0316 -5.3153 0.0335 2.4475 0.0303 -1.0204 0.0671 -0.2720 0.0436 -0.3120 0.0450 -3.4679 0.0601 -2.7195 0.0318 -2.7595 0.0337 0.7484 0.0678 0.7084 0.0687 -0.0400 0.0461 0.00333 1.670 
2456972.30951 -5.0015 0.0296 -2.6144 0.0039 -6.1212 0.0629 -5.2899 0.0322 -5.2976 0.0316 2.3871 0.0298 -1.1197 0.0695 -0.2884 0.0437 -0.2961 0.0433 -3.5068 0.0630 -2.6755 0.0324 -2.6832 0.0318 0.8313 0.0707 0.8236 0.0704 -0.0077 0.0451 0.00333 1.666 
2456972.31018 -4.9818 0.0315 -2.6094 0.0042 -5.9371 0.0586 -5.2717 0.0336 -5.2957 0.0346 2.3724 0.0318 -0.9553 0.0665 -0.2899 0.0461 -0.3139 0.0468 -3.3277 0.0587 -2.6623 0.0338 -2.6863 0.0348 0.6654 0.0675 0.6414 0.0681 -0.0240 0.0482 0.00333 1.662 
2456972.31087 -4.9878 0.0308 -2.5294 0.0039 -6.0902 0.0661 -5.2998 0.0349 -5.2985 0.0336 2.4584 0.0310 -1.1024 0.0729 -0.3120 0.0465 -0.3107 0.0456 -3.5608 0.0662 -2.7704 0.0351 -2.7691 0.0338 0.7904 0.0747 0.7917 0.0741 0.0013 0.0484 0.00333 1.658 
2456972.31154 -4.9604 0.0280 -2.5489 0.0039 -6.0584 0.0638 -5.2453 0.0315 -5.3088 0.0333 2.4115 0.0283 -1.0980 0.0697 -0.2849 0.0421 -0.3484 0.0435 -3.5095 0.0639 -2.6964 0.0317 -2.7599 0.0335 0.8131 0.0712 0.7496 0.0720 -0.0635 0.0458 0.00333 1.654 
2456972.31222 -5.0114 0.0314 -2.5503 0.0042 -6.1892 0.0773 -5.2612 0.0352 -5.3378 0.0374 2.4611 0.0317 -1.1778 0.0834 -0.2498 0.0472 -0.3264 0.0488 -3.6389 0.0774 -2.7109 0.0354 -2.7875 0.0376 0.9280 0.0849 0.8514 0.0859 -0.0766 0.0514 0.00333 1.649 
2456972.31289 -4.9594 0.0250 -2.5444 0.0035 -6.1831 0.0590 -5.2705 0.0286 -5.3003 0.0283 2.4150 0.0252 -1.2237 0.0641 -0.3111 0.0380 -0.3409 0.0378 -3.6387 0.0591 -2.7261 0.0288 -2.7559 0.0285 0.9126 0.0656 0.8828 0.0654 -0.0298 0.0402 0.00333 1.645 
2456972.31358 -5.0160 0.0278 -2.5578 0.0036 -6.0517 0.0548 -5.2984 0.0296 -5.2630 0.0291 2.4582 0.0280 -1.0357 0.0614 -0.2824 0.0406 -0.2470 0.0402 -3.4939 0.0549 -2.7406 0.0298 -2.7052 0.0293 0.7533 0.0623 0.7887 0.0620 0.0354 0.0415 0.00333 1.641 
2456972.31425 -4.9631 0.0231 -2.5647 0.0034 -6.1286 0.0523 -5.2817 0.0246 -5.2664 0.0250 2.3984 0.0233 -1.1655 0.0572 -0.3186 0.0337 -0.3033 0.0340 -3.5639 0.0524 -2.7170 0.0248 -2.7017 0.0252 0.8469 0.0578 0.8622 0.0580 0.0153 0.0351 0.00333 1.637 
2456972.31493 -4.9422 0.0212 -2.5264 0.0031 -6.0680 0.0451 -5.2625 0.0235 -5.2745 0.0221 2.4158 0.0214 -1.1258 0.0498 -0.3203 0.0316 -0.3323 0.0306 -3.5416 0.0452 -2.7361 0.0237 -2.7481 0.0223 0.8055 0.0509 0.7935 0.0502 -0.0120 0.0323 0.00333 1.633 
2456972.31561 -5.0018 0.0220 -2.5589 0.0031 -6.0374 0.0423 -5.2548 0.0221 -5.2624 0.0222 2.4429 0.0222 -1.0356 0.0477 -0.2530 0.0312 -0.2606 0.0313 -3.4785 0.0424 -2.6959 0.0223 -2.7035 0.0224 0.7826 0.0477 0.7750 0.0478 -0.0076 0.0313 0.00333 1.629 
2456972.31630 -4.9237 0.0221 -2.5217 0.0031 -6.0054 0.0430 -5.2572 0.0226 -5.2334 0.0233 2.4020 0.0223 -1.0817 0.0483 -0.3335 0.0316 -0.3097 0.0321 -3.4837 0.0431 -2.7355 0.0228 -2.7117 0.0235 0.7482 0.0486 0.7720 0.0489 0.0238 0.0325 0.00333 1.625 
2456972.31699 -5.0080 0.0243 -2.5645 0.0032 -6.0531 0.0452 -5.2823 0.0253 -5.2918 0.0251 2.4435 0.0245 -1.0451 0.0513 -0.2743 0.0351 -0.2838 0.0349 -3.4886 0.0453 -2.7178 0.0255 -2.7273 0.0253 0.7708 0.0518 0.7613 0.0517 -0.0095 0.0356 0.00333 1.621 
2456972.31770 -4.9663 0.0212 99.9999 9.9999 -6.0424 0.0416 -5.3182 0.0223 -5.2682 0.0218 99.9999 9.9999 -1.0761 0.0467 -0.3519 0.0308 -0.3019 0.0304 99.9999 9.9999 99.9999 9.9999 99.9999 9.9999 0.7242 0.0472 0.7742 0.0470 0.0500 0.0312 0.00333 1.616 
2456972.31840 -4.9814 0.0213 -2.5255 0.0030 -6.0566 0.0416 -5.2645 0.0216 -5.2337 0.0207 2.4559 0.0215 -1.0752 0.0467 -0.2831 0.0303 -0.2523 0.0297 -3.5311 0.0417 -2.7390 0.0218 -2.7082 0.0209 0.7921 0.0469 0.8229 0.0465 0.0308 0.0299 0.00333 1.612 
2456972.31914 -4.9872 0.0226 -2.5557 0.0031 -6.0075 0.0413 -5.2691 0.0223 -5.2611 0.0220 2.4315 0.0228 -1.0203 0.0471 -0.2819 0.0317 -0.2739 0.0315 -3.4518 0.0414 -2.7134 0.0225 -2.7054 0.0222 0.7384 0.0469 0.7464 0.0468 0.0080 0.0313 0.00333 1.608 
2456972.31984 -4.9521 0.0212 -2.4944 0.0029 -6.0188 0.0416 -5.2310 0.0214 -5.2622 0.0222 2.4577 0.0214 -1.0667 0.0467 -0.2789 0.0301 -0.3101 0.0307 -3.5244 0.0417 -2.7366 0.0216 -2.7678 0.0224 0.7878 0.0468 0.7566 0.0472 -0.0312 0.0308 0.00333 1.604 
2456972.32054 -4.9275 0.0194 -2.4838 0.0028 -5.9876 0.0368 -5.2290 0.0199 -5.1969 0.0195 2.4437 0.0196 -1.0601 0.0416 -0.3015 0.0278 -0.2694 0.0275 -3.5038 0.0369 -2.7452 0.0201 -2.7131 0.0197 0.7586 0.0418 0.7907 0.0416 0.0321 0.0279 0.00333 1.600 
2456972.32125 -4.8951 0.0202 -2.5313 0.0029 -5.9825 0.0397 -5.2378 0.0211 -5.2427 0.0205 2.3638 0.0204 -1.0874 0.0445 -0.3427 0.0292 -0.3476 0.0288 -3.4512 0.0398 -2.7065 0.0213 -2.7114 0.0207 0.7447 0.0450 0.7398 0.0447 -0.0049 0.0294 0.00333 1.596 
2456972.32196 -4.9099 0.0185 -2.5078 0.0028 -5.9810 0.0359 -5.2393 0.0198 -5.2527 0.0206 2.4021 0.0187 -1.0711 0.0404 -0.3294 0.0271 -0.3428 0.0277 -3.4732 0.0360 -2.7315 0.0200 -2.7449 0.0208 0.7417 0.0410 0.7283 0.0414 -0.0134 0.0286 0.00333 1.592 
2456972.32264 -4.9457 0.0192 -2.5657 0.0028 -6.0754 0.0366 -5.2424 0.0179 -5.2693 0.0188 2.3800 0.0194 -1.1297 0.0413 -0.2967 0.0262 -0.3236 0.0269 -3.5097 0.0367 -2.6767 0.0181 -2.7036 0.0190 0.8330 0.0407 0.8061 0.0411 -0.0269 0.0260 0.00333 1.588 
2456972.32334 -4.9170 0.0186 -2.4725 0.0027 -6.0162 0.0348 -5.1788 0.0182 -5.1845 0.0178 2.4445 0.0188 -1.0992 0.0395 -0.2618 0.0260 -0.2675 0.0257 -3.5437 0.0349 -2.7063 0.0184 -2.7120 0.0180 0.8374 0.0393 0.8317 0.0391 -0.0057 0.0255 0.00333 1.584 
2456972.32406 -4.9344 0.0188 -2.5325 0.0027 -6.0282 0.0364 -5.2585 0.0191 -5.2323 0.0190 2.4019 0.0190 -1.0938 0.0410 -0.3241 0.0268 -0.2979 0.0267 -3.4957 0.0365 -2.7260 0.0193 -2.6998 0.0192 0.7697 0.0411 0.7959 0.0411 0.0262 0.0269 0.00333 1.580 
2456972.32476 -4.9318 0.0188 -2.5567 0.0028 -6.0392 0.0380 -5.2356 0.0194 -5.2489 0.0203 2.3751 0.0190 -1.1074 0.0424 -0.3038 0.0270 -0.3171 0.0277 -3.4825 0.0381 -2.6789 0.0196 -2.6922 0.0205 0.8036 0.0427 0.7903 0.0431 -0.0133 0.0281 0.00333 1.576 
2456972.32545 -4.9845 0.0197 -2.5908 0.0029 -6.1577 0.0425 -5.3040 0.0204 -5.3082 0.0209 2.3937 0.0199 -1.1732 0.0468 -0.3195 0.0284 -0.3237 0.0287 -3.5669 0.0426 -2.7132 0.0206 -2.7174 0.0211 0.8537 0.0471 0.8495 0.0474 -0.0042 0.0292 0.00333 1.572 
2456972.32612 -4.9800 0.0222 -2.5423 0.0030 -5.9843 0.0407 -5.2529 0.0229 -5.2366 0.0223 2.4377 0.0224 -1.0043 0.0464 -0.2729 0.0319 -0.2566 0.0315 -3.4420 0.0408 -2.7106 0.0231 -2.6943 0.0225 0.7314 0.0467 0.7477 0.0464 0.0163 0.0320 0.00333 1.568 
2456972.32681 -4.9571 0.0219 -2.5798 0.0032 -6.0836 0.0456 -5.2429 0.0227 -5.2445 0.0234 2.3773 0.0221 -1.1265 0.0506 -0.2858 0.0315 -0.2874 0.0320 -3.5038 0.0457 -2.6631 0.0229 -2.6647 0.0236 0.8407 0.0509 0.8391 0.0513 -0.0016 0.0326 0.00333 1.564 
2456972.32748 -4.9797 0.0229 -2.5455 0.0031 -6.0552 0.0462 -5.3063 0.0240 -5.3528 0.0260 2.4342 0.0231 -1.0755 0.0516 -0.3266 0.0332 -0.3731 0.0346 -3.5097 0.0463 -2.7608 0.0242 -2.8073 0.0262 0.7489 0.0521 0.7024 0.0530 -0.0465 0.0354 0.00333 1.561 
2456972.32816 -4.9411 0.0209 -2.4987 0.0029 -6.0238 0.0404 -5.2472 0.0212 -5.2651 0.0215 2.4424 0.0211 -1.0827 0.0455 -0.3061 0.0298 -0.3240 0.0300 -3.5251 0.0405 -2.7485 0.0214 -2.7664 0.0217 0.7766 0.0456 0.7587 0.0458 -0.0179 0.0302 0.00333 1.557 
2456972.32884 -4.9966 0.0230 -2.5620 0.0031 -6.0652 0.0437 -5.2740 0.0220 -5.2180 0.0218 2.4346 0.0232 -1.0686 0.0494 -0.2774 0.0318 -0.2214 0.0317 -3.5032 0.0438 -2.7120 0.0222 -2.6560 0.0220 0.7912 0.0489 0.8472 0.0488 0.0560 0.0310 0.00333 1.553 
2456972.32953 -4.9955 0.0228 -2.5996 0.0032 -6.0158 0.0421 -5.2926 0.0230 -5.3296 0.0245 2.3959 0.0230 -1.0203 0.0479 -0.2971 0.0324 -0.3341 0.0335 -3.4162 0.0422 -2.6930 0.0232 -2.7300 0.0247 0.7232 0.0480 0.6862 0.0487 -0.0370 0.0336 0.00333 1.549 
2456972.33088 -5.0077 0.0253 -2.5827 0.0034 99.9999 9.9999 -5.2522 0.0255 -5.3215 0.0270 2.4250 0.0255 99.9999 9.9999 -0.2445 0.0359 -0.3138 0.0370 99.9999 9.9999 -2.6695 0.0257 -2.7388 0.0272 99.9999 9.9999 99.9999 9.9999 -0.0693 0.0371 0.00333 1.542 
2456972.33156 -4.9951 0.0246 -2.5418 0.0032 -6.0318 0.0472 -5.3104 0.0262 -5.3026 0.0257 2.4533 0.0248 -1.0367 0.0532 -0.3153 0.0359 -0.3075 0.0356 -3.4900 0.0473 -2.7686 0.0264 -2.7608 0.0259 0.7214 0.0540 0.7292 0.0537 0.0078 0.0367 0.00333 1.538 
2456972.33223 -4.9992 0.0224 -2.5450 0.0031 -5.9922 0.0412 -5.2746 0.0236 -5.2569 0.0239 2.4542 0.0226 -0.9930 0.0469 -0.2754 0.0325 -0.2577 0.0328 -3.4472 0.0413 -2.7296 0.0238 -2.7119 0.0241 0.7176 0.0475 0.7353 0.0476 0.0177 0.0336 0.00333 1.535 
2456972.33292 -4.9997 0.0233 -2.6076 0.0033 -6.0480 0.0452 -5.2403 0.0233 -5.2725 0.0245 2.3921 0.0235 -1.0483 0.0509 -0.2406 0.0330 -0.2728 0.0338 -3.4404 0.0453 -2.6327 0.0235 -2.6649 0.0247 0.8077 0.0509 0.7755 0.0514 -0.0322 0.0338 0.00333 1.531 
2456972.33360 -5.0096 0.0236 -2.5594 0.0032 -6.0773 0.0452 -5.3537 0.0260 -5.3026 0.0243 2.4502 0.0238 -1.0677 0.0510 -0.3441 0.0351 -0.2930 0.0339 -3.5179 0.0453 -2.7943 0.0262 -2.7432 0.0245 0.7236 0.0521 0.7747 0.0513 0.0511 0.0356 0.00333 1.528 
2456972.33427 -5.0120 0.0238 -2.5888 0.0032 -6.0097 0.0434 -5.2998 0.0240 -5.3536 0.0257 2.4232 0.0240 -0.9977 0.0495 -0.2878 0.0338 -0.3416 0.0350 -3.4209 0.0435 -2.7110 0.0242 -2.7648 0.0259 0.7099 0.0496 0.6561 0.0504 -0.0538 0.0352 0.00333 1.524 
2456972.33495 -4.9875 0.0212 -2.5232 0.0029 -6.0247 0.0401 -5.2658 0.0209 -5.2304 0.0203 2.4643 0.0214 -1.0372 0.0454 -0.2783 0.0298 -0.2429 0.0294 -3.5015 0.0402 -2.7426 0.0211 -2.7072 0.0205 0.7589 0.0452 0.7943 0.0449 0.0354 0.0291 0.00333 1.521 
2456972.33564 -4.9524 0.0195 -2.5415 0.0029 -6.0662 0.0384 -5.2196 0.0191 -5.2517 0.0196 2.4109 0.0197 -1.1138 0.0431 -0.2672 0.0273 -0.2993 0.0276 -3.5247 0.0385 -2.6781 0.0193 -2.7102 0.0198 0.8466 0.0429 0.8145 0.0431 -0.0321 0.0274 0.00333 1.517 
2456972.33632 -4.9543 0.0191 -2.5306 0.0028 -6.0149 0.0383 -5.2301 0.0196 -5.2746 0.0203 2.4237 0.0193 -1.0606 0.0428 -0.2758 0.0274 -0.3203 0.0279 -3.4843 0.0384 -2.6995 0.0198 -2.7440 0.0205 0.7848 0.0430 0.7403 0.0433 -0.0445 0.0282 0.00333 1.513 
2456972.33699 -4.9289 0.0188 -2.5372 0.0028 -6.0465 0.0389 -5.2523 0.0198 -5.2656 0.0199 2.3917 0.0190 -1.1176 0.0432 -0.3234 0.0273 -0.3367 0.0274 -3.5093 0.0390 -2.7151 0.0200 -2.7284 0.0201 0.7942 0.0436 0.7809 0.0437 -0.0133 0.0281 0.00333 1.510 
2456972.33767 -4.9258 0.0189 -2.5313 0.0028 -6.0317 0.0380 -5.2181 0.0192 -5.2537 0.0193 2.3945 0.0191 -1.1059 0.0424 -0.2923 0.0269 -0.3279 0.0270 -3.5004 0.0381 -2.6868 0.0194 -2.7224 0.0195 0.8136 0.0426 0.7780 0.0426 -0.0356 0.0272 0.00333 1.506 
2456972.33833 -4.9524 0.0207 -2.5298 0.0029 -6.0315 0.0391 -5.2215 0.0203 -5.2774 0.0212 2.4226 0.0209 -1.0791 0.0442 -0.2691 0.0290 -0.3250 0.0296 -3.5017 0.0392 -2.6917 0.0205 -2.7476 0.0214 0.8100 0.0441 0.7541 0.0445 -0.0559 0.0294 0.00333 1.503 
2456972.33901 -4.9009 0.0182 -2.4856 0.0027 -6.0018 0.0356 -5.2095 0.0188 -5.2575 0.0196 2.4153 0.0184 -1.1009 0.0400 -0.3086 0.0262 -0.3566 0.0267 -3.5162 0.0357 -2.7239 0.0190 -2.7719 0.0198 0.7923 0.0403 0.7443 0.0406 -0.0480 0.0272 0.00333 1.500 
2456972.33969 -4.9693 0.0185 -2.5460 0.0027 -6.0423 0.0336 -5.2570 0.0186 -5.2665 0.0186 2.4233 0.0187 -1.0730 0.0384 -0.2877 0.0262 -0.2972 0.0262 -3.4963 0.0337 -2.7110 0.0188 -2.7205 0.0188 0.7853 0.0384 0.7758 0.0384 -0.0095 0.0263 0.00333 1.496 
2456972.34037 -4.9630 0.0189 -2.5457 0.0027 -6.0222 0.0347 -5.2578 0.0193 -5.2924 0.0204 2.4173 0.0191 -1.0592 0.0395 -0.2948 0.0270 -0.3294 0.0278 -3.4765 0.0348 -2.7121 0.0195 -2.7467 0.0206 0.7644 0.0397 0.7298 0.0403 -0.0346 0.0281 0.00333 1.493 
2456972.34106 -4.9641 0.0191 -2.5170 0.0028 -5.9945 0.0366 -5.2164 0.0192 -5.2433 0.0189 2.4471 0.0193 -1.0304 0.0413 -0.2523 0.0271 -0.2792 0.0269 -3.4775 0.0367 -2.6994 0.0194 -2.7263 0.0191 0.7781 0.0413 0.7512 0.0412 -0.0269 0.0269 0.00333 1.489 
2456972.34173 -4.9597 0.0192 -2.5524 0.0028 -6.0161 0.0358 -5.2782 0.0193 -5.2614 0.0195 2.4073 0.0194 -1.0564 0.0406 -0.3185 0.0272 -0.3017 0.0274 -3.4637 0.0359 -2.7258 0.0195 -2.7090 0.0197 0.7379 0.0407 0.7547 0.0408 0.0168 0.0274 0.00333 1.486 
2456972.34240 -4.9201 0.0186 -2.5392 0.0028 -6.0088 0.0347 -5.2455 0.0186 -5.2299 0.0187 2.3809 0.0188 -1.0887 0.0394 -0.3254 0.0263 -0.3098 0.0264 -3.4696 0.0348 -2.7063 0.0188 -2.6907 0.0189 0.7633 0.0394 0.7789 0.0394 0.0156 0.0264 0.00333 1.483 
2456972.34306 -4.9870 0.0191 -2.5856 0.0028 -6.0798 0.0373 -5.3031 0.0198 -5.3211 0.0196 2.4014 0.0193 -1.0928 0.0419 -0.3161 0.0275 -0.3341 0.0274 -3.4942 0.0374 -2.7175 0.0200 -2.7355 0.0198 0.7767 0.0422 0.7587 0.0421 -0.0180 0.0279 0.00333 1.479 
2456972.34374 -4.9066 0.0186 -2.5004 0.0028 -5.9870 0.0360 -5.2364 0.0198 -5.2220 0.0192 2.4062 0.0188 -1.0804 0.0405 -0.3298 0.0272 -0.3154 0.0267 -3.4866 0.0361 -2.7360 0.0200 -2.7216 0.0194 0.7506 0.0411 0.7650 0.0408 0.0144 0.0276 0.00333 1.476 
2456972.34442 -4.9487 0.0181 -2.5292 0.0028 -5.9814 0.0341 -5.2857 0.0197 -5.2165 0.0189 2.4195 0.0183 -1.0327 0.0386 -0.3370 0.0268 -0.2678 0.0262 -3.4522 0.0342 -2.7565 0.0199 -2.6873 0.0191 0.6957 0.0394 0.7649 0.0390 0.0692 0.0273 0.00333 1.473 
2456972.34509 -4.9570 0.0185 -2.5743 0.0027 -6.0018 0.0358 -5.2963 0.0191 -5.2707 0.0191 2.3827 0.0187 -1.0448 0.0403 -0.3393 0.0266 -0.3137 0.0266 -3.4275 0.0359 -2.7220 0.0193 -2.6964 0.0193 0.7055 0.0406 0.7311 0.0406 0.0256 0.0270 0.00333 1.469 
2456972.34577 -4.8996 0.0188 -2.4746 0.0027 -5.9811 0.0352 -5.1908 0.0179 -5.2066 0.0182 2.4250 0.0190 -1.0815 0.0399 -0.2912 0.0260 -0.3070 0.0262 -3.5065 0.0353 -2.7162 0.0181 -2.7320 0.0184 0.7903 0.0395 0.7745 0.0396 -0.0158 0.0255 0.00333 1.466 
2456972.34650 -4.8921 0.0179 -2.4793 0.0026 -5.9534 0.0333 -5.2103 0.0176 -5.2075 0.0180 2.4128 0.0181 -1.0613 0.0378 -0.3182 0.0251 -0.3154 0.0254 -3.4741 0.0334 -2.7310 0.0178 -2.7282 0.0182 0.7431 0.0377 0.7459 0.0379 0.0028 0.0252 0.00333 1.463 
2456972.34718 -4.8745 0.0177 -2.4422 0.0026 -5.8933 0.0310 -5.1244 0.0165 -5.1406 0.0174 2.4323 0.0179 -1.0188 0.0357 -0.2499 0.0242 -0.2661 0.0248 -3.4511 0.0311 -2.6822 0.0167 -2.6984 0.0176 0.7689 0.0351 0.7527 0.0355 -0.0162 0.0240 0.00333 1.459 
2456972.34786 -4.8556 0.0173 -2.4593 0.0026 -6.0214 0.0337 -5.1761 0.0165 -5.1971 0.0168 2.3963 0.0175 -1.1658 0.0379 -0.3205 0.0239 -0.3415 0.0241 -3.5621 0.0338 -2.7168 0.0167 -2.7378 0.0170 0.8453 0.0375 0.8243 0.0377 -0.0210 0.0235 0.00333 1.456 
2456972.34858 -4.8876 0.0167 -2.5076 0.0025 -5.9680 0.0314 -5.2035 0.0169 -5.2346 0.0174 2.3800 0.0169 -1.0804 0.0356 -0.3159 0.0238 -0.3470 0.0241 -3.4604 0.0315 -2.6959 0.0171 -2.7270 0.0176 0.7645 0.0357 0.7334 0.0359 -0.0311 0.0243 0.00333 1.453 
2456972.34925 -4.8633 0.0162 -2.4289 0.0024 -5.9046 0.0292 -5.1505 0.0159 -5.1706 0.0163 2.4344 0.0164 -1.0413 0.0334 -0.2872 0.0227 -0.3073 0.0230 -3.4757 0.0293 -2.7216 0.0161 -2.7417 0.0165 0.7541 0.0332 0.7340 0.0334 -0.0201 0.0228 0.00333 1.450 
2456972.34991 -4.8876 0.0165 -2.4823 0.0025 -5.9614 0.0302 -5.2273 0.0161 -5.2210 0.0162 2.4053 0.0167 -1.0738 0.0344 -0.3397 0.0231 -0.3334 0.0231 -3.4791 0.0303 -2.7450 0.0163 -2.7387 0.0164 0.7341 0.0342 0.7404 0.0343 0.0063 0.0228 0.00333 1.447 
2456972.35058 -4.8547 0.0161 -2.4736 0.0025 -5.9279 0.0283 -5.1675 0.0151 -5.1942 0.0157 2.3811 0.0163 -1.0732 0.0326 -0.3128 0.0221 -0.3395 0.0225 -3.4543 0.0284 -2.6939 0.0153 -2.7206 0.0159 0.7604 0.0321 0.7337 0.0324 -0.0267 0.0218 0.00333 1.443 
2456972.35192 -4.8111 0.0154 -2.4121 0.0024 -5.9365 0.0299 -5.1122 0.0147 -5.1388 0.0159 2.3990 0.0156 -1.1254 0.0336 -0.3011 0.0213 -0.3277 0.0221 -3.5244 0.0300 -2.7001 0.0149 -2.7267 0.0161 0.8243 0.0333 0.7977 0.0339 -0.0266 0.0217 0.00333 1.437 
2456972.35260 -4.9830 0.0168 -2.5431 0.0024 -6.0043 0.0292 -5.2456 0.0155 99.9999 9.9999 2.4399 0.0170 -1.0213 0.0337 -0.2626 0.0229 99.9999 9.9999 -3.4612 0.0293 -2.7025 0.0157 99.9999 9.9999 0.7587 0.0331 99.9999 9.9999 99.9999 9.9999 0.00333 1.434 
2456972.35397 -4.8251 0.0158 -2.4333 0.0024 -5.9370 0.0288 -5.1315 0.0147 99.9999 9.9999 2.3918 0.0160 -1.1119 0.0328 -0.3064 0.0216 99.9999 9.9999 -3.5037 0.0289 -2.6982 0.0149 99.9999 9.9999 0.8055 0.0323 99.9999 9.9999 99.9999 9.9999 0.00333 1.428 
2456972.35466 -4.9017 0.0166 -2.4872 0.0024 -5.9257 0.0269 -5.2038 0.0147 99.9999 9.9999 2.4145 0.0168 -1.0240 0.0316 -0.3021 0.0222 99.9999 9.9999 -3.4385 0.0270 -2.7166 0.0149 99.9999 9.9999 0.7219 0.0307 99.9999 9.9999 99.9999 9.9999 0.00333 1.425 
2456972.35591 -4.8667 0.0157 -2.4578 0.0024 -5.9346 0.0286 -5.1769 0.0152 99.9999 9.9999 2.4089 0.0159 -1.0679 0.0326 -0.3102 0.0219 99.9999 9.9999 -3.4768 0.0287 -2.7191 0.0154 99.9999 9.9999 0.7577 0.0324 99.9999 9.9999 99.9999 9.9999 0.00333 1.419 
2456972.35674 -5.0811 0.0423 -2.5757 0.0049 99.9999 9.9999 -5.3431 0.0446 -5.3922 0.0480 2.5054 0.0426 99.9999 9.9999 -0.2620 0.0615 -0.3111 0.0640 99.9999 9.9999 -2.7674 0.0448 -2.8165 0.0482 99.9999 9.9999 99.9999 9.9999 -0.0491 0.0655 0.00333 1.415 
2456972.35770 -5.0650 0.0394 -2.6480 0.0050 -6.1548 0.0842 -5.4067 0.0438 -5.3666 0.0428 2.4170 0.0397 -1.0898 0.0930 -0.3417 0.0589 -0.3016 0.0582 -3.5068 0.0843 -2.7587 0.0441 -2.7186 0.0431 0.7481 0.0949 0.7882 0.0945 0.0401 0.0612 0.00333 1.411 
2456972.35827 -5.1076 0.0411 -2.6431 0.0050 -6.0872 0.0812 -5.3870 0.0454 -5.3284 0.0436 2.4645 0.0414 -0.9796 0.0910 -0.2794 0.0612 -0.2208 0.0599 -3.4441 0.0813 -2.7439 0.0457 -2.6853 0.0439 0.7002 0.0930 0.7588 0.0922 0.0586 0.0629 0.00333 1.409 
2456972.35884 -5.1421 0.0432 -2.6249 0.0049 -6.1273 0.0843 -5.3961 0.0448 -5.3837 0.0444 2.5172 0.0435 -0.9852 0.0947 -0.2540 0.0622 -0.2416 0.0619 -3.5024 0.0844 -2.7712 0.0451 -2.7588 0.0447 0.7312 0.0955 0.7436 0.0953 0.0124 0.0631 0.00333 1.406 
2456972.35940 -5.0239 0.0373 99.9999 9.9999 -6.1335 0.0856 -5.3229 0.0431 -5.3612 0.0459 99.9999 9.9999 -1.1096 0.0934 -0.2990 0.0570 -0.3373 0.0591 99.9999 9.9999 99.9999 9.9999 99.9999 9.9999 0.8106 0.0958 0.7723 0.0971 -0.0383 0.0630 0.00333 1.404 
2456972.35997 -5.0955 0.0408 -2.6290 0.0048 -6.0687 0.0804 -5.3296 0.0413 -5.3586 0.0451 2.4665 0.0411 -0.9732 0.0902 -0.2341 0.0581 -0.2631 0.0608 -3.4397 0.0805 -2.7006 0.0416 -2.7296 0.0453 0.7391 0.0904 0.7101 0.0922 -0.0290 0.0612 0.00333 1.401 
2456972.36053 -5.0793 0.0402 -2.6308 0.0049 -6.1884 0.0897 -5.3283 0.0427 -5.3665 0.0464 2.4485 0.0405 -1.1091 0.0983 -0.2490 0.0586 -0.2872 0.0614 -3.5576 0.0898 -2.6975 0.0430 -2.7357 0.0466 0.8601 0.0993 0.8219 0.1010 -0.0382 0.0631 0.00333 1.399 
2456972.36109 -5.1484 0.0412 -2.6701 0.0050 -6.1532 0.0861 -5.4098 0.0437 99.9999 9.9999 2.4783 0.0415 -1.0048 0.0954 -0.2614 0.0601 99.9999 9.9999 -3.4831 0.0862 -2.7397 0.0440 99.9999 9.9999 0.7434 0.0966 99.9999 9.9999 99.9999 9.9999 0.00333 1.396 
2456972.36165 -5.0886 0.0381 -2.6431 0.0049 -6.2251 0.0928 -5.3860 0.0430 -5.3429 0.0432 2.4455 0.0384 -1.1365 0.1003 -0.2974 0.0575 -0.2543 0.0576 -3.5820 0.0929 -2.7429 0.0433 -2.6998 0.0435 0.8391 0.1023 0.8822 0.1024 0.0431 0.0610 0.00333 1.394 
2456972.36222 -5.1167 0.0403 -2.6660 0.0049 -6.1479 0.0846 -5.4070 0.0443 -5.4274 0.0453 2.4507 0.0406 -1.0312 0.0937 -0.2903 0.0599 -0.3107 0.0606 -3.4819 0.0847 -2.7410 0.0446 -2.7614 0.0456 0.7409 0.0955 0.7205 0.0960 -0.0204 0.0634 0.00333 1.392 
2456972.36277 -5.0568 0.0385 99.9999 9.9999 -6.3265 0.1000 -5.3202 0.0407 -5.4380 0.0462 99.9999 9.9999 -1.2697 0.1072 -0.2634 0.0560 -0.3812 0.0601 99.9999 9.9999 99.9999 9.9999 99.9999 9.9999 1.0063 0.1080 0.8885 0.1102 -0.1178 0.0616 0.00333 1.389 
2456972.36334 -5.1009 0.0411 -2.6277 0.0049 -6.0513 0.0762 -5.3627 0.0422 -5.3443 0.0429 2.4732 0.0414 -0.9504 0.0866 -0.2618 0.0589 -0.2434 0.0594 -3.4236 0.0764 -2.7350 0.0425 -2.7166 0.0432 0.6886 0.0871 0.7070 0.0874 0.0184 0.0602 0.00333 1.387 
2456972.36391 -5.0774 0.0401 -2.6341 0.0049 -6.0173 0.0765 -5.3696 0.0425 -5.4196 0.0450 2.4433 0.0404 -0.9399 0.0864 -0.2922 0.0584 -0.3422 0.0603 -3.3832 0.0767 -2.7355 0.0428 -2.7855 0.0453 0.6477 0.0875 0.5977 0.0888 -0.0500 0.0619 0.00333 1.384 
2456972.36446 -5.1409 0.0422 -2.6402 0.0050 99.9999 9.9999 -5.3516 0.0428 -5.4080 0.0462 2.5007 0.0425 99.9999 9.9999 -0.2107 0.0601 -0.2671 0.0626 99.9999 9.9999 -2.7114 0.0431 -2.7678 0.0465 99.9999 9.9999 99.9999 9.9999 -0.0564 0.0630 0.00333 1.382 
2456972.36503 -5.0784 0.0386 -2.6708 0.0049 -6.2016 0.0879 -5.3885 0.0444 -5.4524 0.0465 2.4076 0.0389 -1.1232 0.0960 -0.3101 0.0588 -0.3740 0.0604 -3.5308 0.0880 -2.7177 0.0447 -2.7816 0.0467 0.8131 0.0985 0.7492 0.0994 -0.0639 0.0643 0.00333 1.380 
2456972.36558 -5.0765 0.0380 99.9999 9.9999 -6.1684 0.0836 -5.3678 0.0438 -5.4767 0.0487 99.9999 9.9999 -1.0919 0.0918 -0.2913 0.0580 -0.4002 0.0618 99.9999 9.9999 99.9999 9.9999 99.9999 9.9999 0.8006 0.0944 0.6917 0.0968 -0.1089 0.0655 0.00333 1.377 
2456972.36615 -5.1151 0.0395 -2.6730 0.0050 -6.2653 0.0927 -5.3620 0.0408 -5.4113 0.0448 2.4421 0.0398 -1.1502 0.1008 -0.2469 0.0568 -0.2962 0.0597 -3.5923 0.0928 -2.6890 0.0411 -2.7383 0.0451 0.9033 0.1013 0.8540 0.1030 -0.0493 0.0606 0.00333 1.375 
2456972.36671 -5.1135 0.0400 -2.6615 0.0049 -6.2198 0.0889 -5.4141 0.0431 -5.3555 0.0432 2.4520 0.0403 -1.1063 0.0975 -0.3006 0.0588 -0.2420 0.0589 -3.5583 0.0890 -2.7526 0.0434 -2.6940 0.0435 0.8057 0.0988 0.8643 0.0988 0.0586 0.0610 0.00333 1.373 
2456972.36727 -5.0863 0.0389 -2.6732 0.0051 -6.2765 0.0983 -5.4574 0.0466 -5.4149 0.0449 2.4131 0.0392 -1.1902 0.1057 -0.3711 0.0607 -0.3286 0.0594 -3.6033 0.0984 -2.7842 0.0469 -2.7417 0.0452 0.8191 0.1088 0.8616 0.1081 0.0425 0.0647 0.00333 1.370 
2456972.36783 -5.0907 0.0380 -2.6285 0.0048 -6.1906 0.0858 -5.3833 0.0438 -5.4365 0.0439 2.4622 0.0383 -1.0999 0.0938 -0.2926 0.0580 -0.3458 0.0581 -3.5621 0.0859 -2.7548 0.0441 -2.8080 0.0442 0.8073 0.0963 0.7541 0.0964 -0.0532 0.0620 0.00333 1.368 
2456972.36840 -5.1129 0.0398 -2.6581 0.0049 99.9999 9.9999 -5.3420 0.0406 -5.3744 0.0431 2.4548 0.0401 99.9999 9.9999 -0.2291 0.0569 -0.2615 0.0587 99.9999 9.9999 -2.6839 0.0409 -2.7163 0.0434 99.9999 9.9999 99.9999 9.9999 -0.0324 0.0592 0.00333 1.366 
2456972.36896 -5.0502 0.0390 -2.6225 0.0049 99.9999 9.9999 -5.3293 0.0414 -5.4206 0.0448 2.4277 0.0393 99.9999 9.9999 -0.2791 0.0569 -0.3704 0.0594 99.9999 9.9999 -2.7068 0.0417 -2.7981 0.0451 99.9999 9.9999 99.9999 9.9999 -0.0913 0.0610 0.00333 1.364 
2456972.36952 -5.0824 0.0379 99.9999 9.9999 -6.2326 0.0883 -5.3862 0.0425 -5.4014 0.0446 99.9999 9.9999 -1.1502 0.0961 -0.3038 0.0569 -0.3190 0.0585 99.9999 9.9999 99.9999 9.9999 99.9999 9.9999 0.8464 0.0980 0.8312 0.0989 -0.0152 0.0616 0.00333 1.361 
2456972.37009 -5.1409 0.0405 -2.6870 0.0049 -6.0862 0.0782 -5.3505 0.0418 -5.4504 0.0452 2.4539 0.0408 -0.9453 0.0881 -0.2096 0.0582 -0.3095 0.0607 -3.3992 0.0783 -2.6635 0.0421 -2.7634 0.0455 0.7357 0.0887 0.6358 0.0903 -0.0999 0.0616 0.00333 1.359 
2456972.37065 -5.1059 0.0400 -2.6487 0.0049 -6.0643 0.0774 -5.3945 0.0447 -5.4916 0.0480 2.4572 0.0403 -0.9584 0.0871 -0.2886 0.0600 -0.3857 0.0625 -3.4156 0.0775 -2.7458 0.0450 -2.8429 0.0482 0.6698 0.0894 0.5727 0.0911 -0.0971 0.0656 0.00333 1.357 
2456972.37122 -5.1515 0.0381 -2.7007 0.0049 -6.1228 0.0811 -5.4008 0.0421 -5.4194 0.0429 2.4508 0.0384 -0.9713 0.0896 -0.2493 0.0568 -0.2679 0.0574 -3.4221 0.0812 -2.7001 0.0424 -2.7187 0.0432 0.7220 0.0914 0.7034 0.0917 -0.0186 0.0601 0.00333 1.355 
2456972.37181 -5.0735 0.0376 -2.6600 0.0049 -6.0678 0.0717 -5.4429 0.0440 -5.4594 0.0435 2.4135 0.0379 -0.9943 0.0810 -0.3694 0.0579 -0.3859 0.0575 -3.4078 0.0719 -2.7829 0.0443 -2.7994 0.0438 0.6249 0.0841 0.6084 0.0839 -0.0165 0.0619 0.00333 1.352 
2456972.37239 -5.1079 0.0387 -2.6651 0.0050 99.9999 9.9999 -5.3522 0.0430 -5.3859 0.0441 2.4428 0.0390 99.9999 9.9999 -0.2443 0.0579 -0.2780 0.0587 99.9999 9.9999 -2.6871 0.0433 -2.7208 0.0444 99.9999 9.9999 99.9999 9.9999 -0.0337 0.0616 0.00333 1.350 
2456972.37298 -5.1220 0.0399 -2.6455 0.0049 -6.1719 0.0833 -5.3765 0.0424 -5.4420 0.0457 2.4765 0.0402 -1.0499 0.0924 -0.2545 0.0582 -0.3200 0.0607 -3.5264 0.0834 -2.7310 0.0427 -2.7965 0.0460 0.7954 0.0935 0.7299 0.0950 -0.0655 0.0623 0.00333 1.348 
2456972.37356 -5.1158 0.0390 -2.6773 0.0049 -6.1064 0.0779 -5.3701 0.0429 -5.3626 0.0411 2.4385 0.0393 -0.9906 0.0871 -0.2543 0.0580 -0.2468 0.0567 -3.4291 0.0780 -2.6928 0.0432 -2.6853 0.0414 0.7363 0.0889 0.7438 0.0881 0.0075 0.0594 0.00333 1.345 
2456972.37414 -5.1180 0.0398 99.9999 9.9999 -6.1516 0.0833 -5.3994 0.0431 -5.3835 0.0432 99.9999 9.9999 -1.0336 0.0923 -0.2814 0.0587 -0.2655 0.0587 99.9999 9.9999 99.9999 9.9999 99.9999 9.9999 0.7522 0.0938 0.7681 0.0938 0.0159 0.0610 0.00333 1.343 
2456972.37470 -5.1338 0.0401 -2.7034 0.0050 -6.1251 0.0753 -5.3315 0.0409 -5.4520 0.0461 2.4304 0.0404 -0.9913 0.0853 -0.1977 0.0573 -0.3182 0.0611 -3.4217 0.0755 -2.6281 0.0412 -2.7486 0.0464 0.7936 0.0857 0.6731 0.0883 -0.1205 0.0616 0.00333 1.341 
2456972.37528 -5.0864 0.0411 -2.6572 0.0051 99.9999 9.9999 -5.3967 0.0427 -5.3718 0.0419 2.4292 0.0414 99.9999 9.9999 -0.3103 0.0593 -0.2854 0.0587 99.9999 9.9999 -2.7395 0.0430 -2.7146 0.0422 99.9999 9.9999 99.9999 9.9999 0.0249 0.0598 0.00333 1.339 
2456972.37587 -5.1408 0.0407 -2.6768 0.0051 99.9999 9.9999 -5.4127 0.0452 -5.3810 0.0444 2.4640 0.0410 99.9999 9.9999 -0.2719 0.0608 -0.2402 0.0602 99.9999 9.9999 -2.7359 0.0455 -2.7042 0.0447 99.9999 9.9999 99.9999 9.9999 0.0317 0.0634 0.00333 1.336 
2456972.37644 -5.1008 0.0393 -2.6574 0.0049 -6.1104 0.0786 -5.3679 0.0428 -5.4027 0.0440 2.4434 0.0396 -1.0096 0.0879 -0.2671 0.0581 -0.3019 0.0590 -3.4530 0.0787 -2.7105 0.0431 -2.7453 0.0443 0.7425 0.0895 0.7077 0.0901 -0.0348 0.0614 0.00333 1.334 
2456972.37702 -5.1369 0.0409 -2.6833 0.0051 99.9999 9.9999 -5.4056 0.0463 -5.3963 0.0433 2.4536 0.0412 99.9999 9.9999 -0.2687 0.0618 -0.2594 0.0596 99.9999 9.9999 -2.7223 0.0466 -2.7130 0.0436 99.9999 9.9999 99.9999 9.9999 0.0093 0.0634 0.00334 1.332 
2456972.37761 -5.0849 0.0390 -2.7121 0.0050 -6.0179 0.0712 -5.3338 0.0407 -5.4309 0.0441 2.3728 0.0393 -0.9330 0.0812 -0.2489 0.0564 -0.3460 0.0589 -3.3058 0.0714 -2.6217 0.0410 -2.7188 0.0444 0.6841 0.0820 0.5870 0.0838 -0.0971 0.0600 0.00334 1.330 
2456972.37819 -5.1097 0.0385 -2.6818 0.0050 99.9999 9.9999 -5.4777 0.0461 -5.4603 0.0468 2.4279 0.0388 99.9999 9.9999 -0.3680 0.0601 -0.3506 0.0606 99.9999 9.9999 -2.7959 0.0464 -2.7785 0.0471 99.9999 9.9999 99.9999 9.9999 0.0174 0.0657 0.00334 1.328 
2456972.37877 -5.1298 0.0405 -2.6686 0.0049 -6.0852 0.0782 -5.3823 0.0431 -5.3166 0.0408 2.4612 0.0408 -0.9554 0.0881 -0.2525 0.0591 -0.1868 0.0575 -3.4166 0.0783 -2.7137 0.0434 -2.6480 0.0411 0.7029 0.0893 0.7686 0.0882 0.0657 0.0593 0.00334 1.325 
2456972.37939 -5.1670 0.0398 -2.6852 0.0048 -6.2537 0.0870 -5.3837 0.0419 -5.4048 0.0433 2.4818 0.0401 -1.0867 0.0957 -0.2167 0.0578 -0.2378 0.0588 -3.5685 0.0871 -2.6985 0.0422 -2.7196 0.0436 0.8700 0.0966 0.8489 0.0972 -0.0211 0.0603 0.00334 1.323 
2456972.37996 -5.1250 0.0399 -2.6858 0.0049 99.9999 9.9999 -5.4322 0.0453 -5.4336 0.0453 2.4392 0.0402 99.9999 9.9999 -0.3072 0.0604 -0.3086 0.0604 99.9999 9.9999 -2.7464 0.0456 -2.7478 0.0456 99.9999 9.9999 99.9999 9.9999 -0.0014 0.0641 0.00334 1.321 
2456972.38053 -5.1664 0.0421 -2.6791 0.0049 99.9999 9.9999 -5.4297 0.0461 -5.3522 0.0436 2.4873 0.0424 99.9999 9.9999 -0.2633 0.0624 -0.1858 0.0606 99.9999 9.9999 -2.7506 0.0463 -2.6731 0.0439 99.9999 9.9999 99.9999 9.9999 0.0775 0.0635 0.00334 1.319 
2456972.38109 -5.1965 0.0401 -2.6946 0.0048 -6.2501 0.0807 -5.4767 0.0436 -5.4825 0.0430 2.5019 0.0404 -1.0536 0.0901 -0.2802 0.0592 -0.2860 0.0588 -3.5555 0.0808 -2.7821 0.0439 -2.7879 0.0433 0.7734 0.0917 0.7676 0.0914 -0.0058 0.0612 0.00334 1.317 
2456972.38168 -5.1244 0.0378 -2.6913 0.0049 -6.2457 0.0840 -5.3841 0.0408 -5.3845 0.0421 2.4331 0.0381 -1.1213 0.0921 -0.2597 0.0556 -0.2601 0.0566 -3.5544 0.0841 -2.6928 0.0411 -2.6932 0.0424 0.8616 0.0934 0.8612 0.0940 -0.0004 0.0586 0.00334 1.315 
2456972.38227 -5.1258 0.0382 -2.6867 0.0048 99.9999 9.9999 -5.3916 0.0432 -5.4479 0.0436 2.4391 0.0385 99.9999 9.9999 -0.2658 0.0577 -0.3221 0.0580 99.9999 9.9999 -2.7049 0.0435 -2.7612 0.0439 99.9999 9.9999 99.9999 9.9999 -0.0563 0.0614 0.00334 1.312 
2456972.38285 -5.1390 0.0411 -2.6890 0.0048 -6.0588 0.0723 -5.4201 0.0429 -5.4379 0.0446 2.4500 0.0414 -0.9198 0.0832 -0.2811 0.0594 -0.2989 0.0606 -3.3698 0.0725 -2.7311 0.0432 -2.7489 0.0448 0.6387 0.0841 0.6209 0.0849 -0.0178 0.0619 0.00334 1.310 
2456972.38343 -5.1012 0.0370 -2.6874 0.0049 -6.2664 0.0872 -5.4427 0.0422 -5.4541 0.0463 2.4138 0.0373 -1.1652 0.0947 -0.3415 0.0561 -0.3529 0.0593 -3.5790 0.0873 -2.7553 0.0425 -2.7667 0.0465 0.8237 0.0969 0.8123 0.0987 -0.0114 0.0626 0.00334 1.308 
2456972.38402 -5.1029 0.0388 -2.6858 0.0049 -6.1374 0.0767 -5.4143 0.0432 -5.4361 0.0439 2.4171 0.0391 -1.0345 0.0860 -0.3114 0.0581 -0.3332 0.0586 -3.4516 0.0769 -2.7285 0.0435 -2.7503 0.0442 0.7231 0.0880 0.7013 0.0884 -0.0218 0.0616 0.00334 1.306 
2456972.38460 -5.1365 0.0379 -2.6879 0.0048 -6.2090 0.0803 -5.3718 0.0411 -5.3925 0.0415 2.4486 0.0382 -1.0725 0.0888 -0.2353 0.0559 -0.2560 0.0562 -3.5211 0.0804 -2.6839 0.0414 -2.7046 0.0418 0.8372 0.0902 0.8165 0.0904 -0.0207 0.0584 0.00334 1.304 
2456972.38519 -5.1770 0.0404 -2.6823 0.0048 99.9999 9.9999 -5.3798 0.0416 -5.4572 0.0456 2.4947 0.0407 99.9999 9.9999 -0.2028 0.0580 -0.2802 0.0609 99.9999 9.9999 -2.6975 0.0419 -2.7749 0.0458 99.9999 9.9999 99.9999 9.9999 -0.0774 0.0617 0.00334 1.302 
2456972.38577 -5.0990 0.0386 -2.7035 0.0049 -6.2418 0.0858 -5.4092 0.0426 -5.4148 0.0424 2.3955 0.0389 -1.1428 0.0941 -0.3102 0.0575 -0.3158 0.0573 -3.5383 0.0859 -2.7057 0.0429 -2.7113 0.0427 0.8326 0.0958 0.8270 0.0957 -0.0056 0.0601 0.00334 1.300 
2456972.38634 -5.1739 0.0393 -2.6904 0.0048 -6.2434 0.0865 -5.4445 0.0418 -5.4340 0.0426 2.4835 0.0396 -1.0695 0.0950 -0.2706 0.0574 -0.2601 0.0580 -3.5530 0.0866 -2.7541 0.0421 -2.7436 0.0429 0.7989 0.0961 0.8094 0.0964 0.0105 0.0597 0.00334 1.298 
2456972.38692 -5.1604 0.0389 -2.6619 0.0046 -6.2467 0.0876 -5.4111 0.0415 -5.4364 0.0434 2.4985 0.0392 -1.0863 0.0958 -0.2507 0.0569 -0.2760 0.0583 -3.5848 0.0877 -2.7492 0.0417 -2.7745 0.0436 0.8356 0.0969 0.8103 0.0978 -0.0253 0.0600 0.00334 1.296 
2456972.38751 -5.1478 0.0411 -2.6901 0.0048 99.9999 9.9999 -5.4214 0.0433 -5.4330 0.0436 2.4577 0.0414 99.9999 9.9999 -0.2736 0.0597 -0.2852 0.0599 99.9999 9.9999 -2.7313 0.0436 -2.7429 0.0439 99.9999 9.9999 99.9999 9.9999 -0.0116 0.0614 0.00334 1.294 
2456972.38807 -5.1466 0.0399 -2.7047 0.0049 -6.2187 0.0826 -5.4433 0.0420 -5.4443 0.0450 2.4419 0.0402 -1.0721 0.0917 -0.2967 0.0579 -0.2977 0.0601 -3.5140 0.0827 -2.7386 0.0423 -2.7396 0.0453 0.7754 0.0927 0.7744 0.0941 -0.0010 0.0616 0.00334 1.292 
2456972.38866 -5.2049 0.0425 -2.7160 0.0051 99.9999 9.9999 -5.4362 0.0454 -5.4173 0.0439 2.4889 0.0428 99.9999 9.9999 -0.2313 0.0622 -0.2124 0.0611 99.9999 9.9999 -2.7202 0.0457 -2.7013 0.0442 99.9999 9.9999 99.9999 9.9999 0.0189 0.0632 0.00334 1.290 
2456972.38924 -5.1081 0.0386 -2.6908 0.0048 -6.1909 0.0829 -5.4054 0.0422 -5.4413 0.0454 2.4173 0.0389 -1.0828 0.0914 -0.2973 0.0572 -0.3332 0.0596 -3.5001 0.0830 -2.7146 0.0425 -2.7505 0.0456 0.7855 0.0930 0.7496 0.0945 -0.0359 0.0620 0.00334 1.288 
2456972.38982 -5.1238 0.0415 -2.6761 0.0050 99.9999 9.9999 -5.3791 0.0452 -5.4013 0.0455 2.4477 0.0418 99.9999 9.9999 -0.2553 0.0614 -0.2775 0.0616 99.9999 9.9999 -2.7030 0.0455 -2.7252 0.0458 99.9999 9.9999 99.9999 9.9999 -0.0222 0.0641 0.00334 1.286 
2456972.39038 -5.1596 0.0384 -2.7106 0.0048 -6.1297 0.0735 -5.4217 0.0417 -5.4739 0.0427 2.4490 0.0387 -0.9701 0.0829 -0.2621 0.0567 -0.3143 0.0574 -3.4191 0.0737 -2.7111 0.0420 -2.7633 0.0430 0.7080 0.0845 0.6558 0.0850 -0.0522 0.0597 0.00334 1.284 
2456972.39094 -5.1390 0.0386 -2.7123 0.0048 -6.2460 0.0835 -5.4124 0.0406 -5.3902 0.0402 2.4267 0.0389 -1.1070 0.0920 -0.2734 0.0560 -0.2512 0.0557 -3.5337 0.0836 -2.7001 0.0409 -2.6779 0.0405 0.8336 0.0928 0.8558 0.0927 0.0222 0.0571 0.00334 1.282 
2456972.39150 -5.1428 0.0411 -2.7107 0.0050 -6.2044 0.0849 -5.4275 0.0437 -5.3385 0.0433 2.4321 0.0414 -1.0616 0.0943 -0.2847 0.0600 -0.1957 0.0597 -3.4937 0.0850 -2.7168 0.0440 -2.6278 0.0436 0.7769 0.0955 0.8659 0.0953 0.0890 0.0615 0.00334 1.280 
2456972.39207 -5.1031 0.0370 99.9999 9.9999 99.9999 9.9999 -5.4113 0.0415 -5.4650 0.0454 99.9999 9.9999 99.9999 9.9999 -0.3082 0.0556 -0.3619 0.0586 99.9999 9.9999 99.9999 9.9999 99.9999 9.9999 99.9999 9.9999 99.9999 9.9999 -0.0537 0.0615 0.00334 1.278 
2456972.39263 -5.0742 0.0384 -2.7025 0.0051 -6.2289 0.0909 -5.4844 0.0477 -5.4734 0.0468 2.3717 0.0387 -1.1547 0.0987 -0.4102 0.0612 -0.3992 0.0605 -3.5264 0.0910 -2.7819 0.0480 -2.7709 0.0471 0.7445 0.1027 0.7555 0.1022 0.0110 0.0668 0.00334 1.276 
2456972.39319 -5.1314 0.0424 -2.6979 0.0052 -6.2340 0.0912 -5.3620 0.0435 -5.4280 0.0457 2.4335 0.0427 -1.1026 0.1006 -0.2306 0.0607 -0.2966 0.0623 -3.5361 0.0913 -2.6641 0.0438 -2.7301 0.0460 0.8720 0.1010 0.8060 0.1020 -0.0660 0.0631 0.00334 1.274 
2456972.39376 -5.1587 0.0406 -2.7110 0.0051 -6.3148 0.0980 -5.4516 0.0452 -5.4394 0.0462 2.4477 0.0409 -1.1561 0.1061 -0.2929 0.0608 -0.2807 0.0615 -3.6038 0.0981 -2.7406 0.0455 -2.7284 0.0465 0.8632 0.1079 0.8754 0.1083 0.0122 0.0646 0.00334 1.272 
2456972.39431 -5.1940 0.0412 -2.7229 0.0049 -6.1656 0.0797 -5.4494 0.0434 -5.5201 0.0480 2.4711 0.0415 -0.9716 0.0897 -0.2554 0.0598 -0.3261 0.0633 -3.4427 0.0798 -2.7265 0.0437 -2.7972 0.0482 0.7162 0.0908 0.6455 0.0930 -0.0707 0.0647 0.00334 1.271 
2456972.39488 -5.1516 0.0408 -2.7275 0.0051 -6.2562 0.0889 -5.4489 0.0466 -5.4086 0.0449 2.4241 0.0411 -1.1046 0.0978 -0.2973 0.0619 -0.2570 0.0607 -3.5287 0.0890 -2.7214 0.0469 -2.6811 0.0452 0.8073 0.1004 0.8476 0.0996 0.0403 0.0647 0.00334 1.269 
2456972.39543 -5.1593 0.0436 -2.7466 0.0054 99.9999 9.9999 -5.4203 0.0460 -5.4940 0.0488 2.4127 0.0439 99.9999 9.9999 -0.2610 0.0634 -0.3347 0.0654 99.9999 9.9999 -2.6737 0.0463 -2.7474 0.0491 99.9999 9.9999 99.9999 9.9999 -0.0737 0.0671 0.00334 1.267 
2456972.39599 -5.1919 0.0441 -2.7241 0.0053 -6.1671 0.0894 -5.4359 0.0461 -5.5004 0.0520 2.4678 0.0444 -0.9752 0.0997 -0.2440 0.0638 -0.3085 0.0682 -3.4430 0.0896 -2.7118 0.0464 -2.7763 0.0523 0.7312 0.1006 0.6667 0.1034 -0.0645 0.0695 0.00334 1.265 
2456972.39656 -5.1632 0.0477 99.9999 9.9999 99.9999 9.9999 -5.4554 0.0514 -5.3944 0.0473 99.9999 9.9999 99.9999 9.9999 -0.2922 0.0701 -0.2312 0.0672 99.9999 9.9999 99.9999 9.9999 99.9999 9.9999 99.9999 9.9999 99.9999 9.9999 0.0610 0.0699 0.00334 1.263 
2456972.39712 -5.1626 0.0458 -2.6887 0.0056 -6.2392 0.0990 -5.4186 0.0512 -5.3672 0.0473 2.4739 0.0461 -1.0766 0.1091 -0.2560 0.0687 -0.2046 0.0658 -3.5505 0.0992 -2.7299 0.0515 -2.6785 0.0476 0.8206 0.1115 0.8720 0.1097 0.0514 0.0697 0.00334 1.261 
2456972.39769 -5.1366 0.0474 -2.6696 0.0057 -6.1532 0.0985 -5.4358 0.0532 -5.4652 0.0545 2.4670 0.0477 -1.0166 0.1093 -0.2992 0.0713 -0.3286 0.0722 -3.4836 0.0987 -2.7662 0.0535 -2.7956 0.0548 0.7174 0.1119 0.6880 0.1126 -0.0294 0.0762 0.00334 1.260 
2456972.39826 -5.1743 0.0422 -2.7617 0.0054 -6.2011 0.0892 -5.4855 0.0483 -5.4746 0.0489 2.4126 0.0425 -1.0268 0.0987 -0.3112 0.0641 -0.3003 0.0646 -3.4394 0.0894 -2.7238 0.0486 -2.7129 0.0492 0.7156 0.1014 0.7265 0.1017 0.0109 0.0687 0.00334 1.258 
2456972.39881 -5.1720 0.0446 -2.7328 0.0055 -6.3194 0.1022 -5.4737 0.0501 -5.4117 0.0471 2.4392 0.0449 -1.1474 0.1115 -0.3017 0.0671 -0.2397 0.0649 -3.5866 0.1023 -2.7409 0.0504 -2.6789 0.0474 0.8457 0.1138 0.9077 0.1125 0.0620 0.0688 0.00334 1.256 
2456972.39938 -5.1081 0.0428 -2.7142 0.0054 -6.1120 0.0910 -5.3794 0.0479 -5.4409 0.0502 2.3939 0.0431 -1.0039 0.1006 -0.2713 0.0642 -0.3328 0.0660 -3.3978 0.0912 -2.6652 0.0482 -2.7267 0.0505 0.7326 0.1028 0.6711 0.1039 -0.0615 0.0694 0.00334 1.254 
2456972.39995 -5.1654 0.0429 -2.7465 0.0055 99.9999 9.9999 -5.4770 0.0484 -5.4535 0.0491 2.4189 0.0432 99.9999 9.9999 -0.3116 0.0647 -0.2881 0.0652 99.9999 9.9999 -2.7305 0.0487 -2.7070 0.0494 99.9999 9.9999 99.9999 9.9999 0.0235 0.0689 0.00334 1.252 
2456972.40050 -5.1769 0.0433 -2.7404 0.0052 -6.1725 0.0871 -5.5188 0.0495 -5.5054 0.0488 2.4365 0.0436 -0.9956 0.0973 -0.3419 0.0658 -0.3285 0.0652 -3.4321 0.0872 -2.7784 0.0498 -2.7650 0.0491 0.6537 0.1002 0.6671 0.0998 0.0134 0.0695 0.00334 1.251 
2456972.40107 -5.1784 0.0436 -2.7056 0.0051 -6.2996 0.0936 -5.4562 0.0453 -5.4947 0.0478 2.4728 0.0439 -1.1212 0.1033 -0.2778 0.0629 -0.3163 0.0647 -3.5940 0.0937 -2.7506 0.0456 -2.7891 0.0481 0.8434 0.1040 0.8049 0.1051 -0.0385 0.0659 0.00334 1.249 
2456972.40163 -5.1733 0.0403 -2.7111 0.0050 -6.2452 0.0904 -5.4115 0.0435 -5.5014 0.0478 2.4622 0.0406 -1.0719 0.0990 -0.2382 0.0593 -0.3281 0.0625 -3.5341 0.0905 -2.7004 0.0438 -2.7903 0.0481 0.8337 0.1003 0.7438 0.1023 -0.0899 0.0646 0.00334 1.247 
2456972.40219 -5.1425 0.0408 99.9999 9.9999 -6.1308 0.0788 -5.3740 0.0410 -5.4361 0.0442 99.9999 9.9999 -0.9883 0.0887 -0.2315 0.0578 -0.2936 0.0602 99.9999 9.9999 99.9999 9.9999 99.9999 9.9999 0.7568 0.0888 0.6947 0.0903 -0.0621 0.0603 0.00334 1.245 
2456972.40276 -5.1571 0.0391 -2.7415 0.0050 -6.2109 0.0804 -5.4883 0.0433 -5.4915 0.0444 2.4156 0.0394 -1.0538 0.0894 -0.3312 0.0583 -0.3344 0.0592 -3.4694 0.0805 -2.7468 0.0436 -2.7500 0.0447 0.7226 0.0913 0.7194 0.0918 -0.0032 0.0620 0.00334 1.244 
2456972.40332 -5.1569 0.0411 99.9999 9.9999 99.9999 9.9999 -5.4492 0.0441 -5.4257 0.0463 99.9999 9.9999 99.9999 9.9999 -0.2923 0.0603 -0.2688 0.0619 99.9999 9.9999 99.9999 9.9999 99.9999 9.9999 99.9999 9.9999 99.9999 9.9999 0.0235 0.0639 0.00334 1.242 
2456972.40388 -5.2181 0.0439 -2.7335 0.0052 -6.2866 0.0945 -5.4891 0.0500 -5.4535 0.0465 2.4846 0.0442 -1.0685 0.1042 -0.2710 0.0665 -0.2354 0.0639 -3.5531 0.0946 -2.7556 0.0503 -2.7200 0.0468 0.7975 0.1069 0.8331 0.1053 0.0356 0.0683 0.00334 1.240 
2456972.40445 -5.1981 0.0436 -2.7061 0.0051 -6.1755 0.0835 -5.3752 0.0428 -5.5020 0.0474 2.4920 0.0439 -0.9774 0.0942 -0.1771 0.0611 -0.3039 0.0644 -3.4694 0.0836 -2.6691 0.0431 -2.7959 0.0477 0.8003 0.0938 0.6735 0.0960 -0.1268 0.0639 0.00334 1.238 
2456972.40501 -5.2030 0.0397 -2.7641 0.0050 -6.3536 0.0963 -5.5122 0.0454 -5.4596 0.0429 2.4389 0.0400 -1.1506 0.1042 -0.3092 0.0603 -0.2566 0.0585 -3.5895 0.0964 -2.7481 0.0457 -2.6955 0.0432 0.8414 0.1065 0.8940 0.1054 0.0526 0.0625 0.00334 1.237 
2456972.40556 -5.1839 0.0397 99.9999 9.9999 -6.2785 0.0885 -5.4484 0.0421 -5.4561 0.0417 99.9999 9.9999 -1.0946 0.0970 -0.2645 0.0579 -0.2722 0.0576 99.9999 9.9999 99.9999 9.9999 99.9999 9.9999 0.8301 0.0980 0.8224 0.0978 -0.0077 0.0593 0.00334 1.235 
2456972.40613 -5.1978 0.0410 -2.7486 0.0050 99.9999 9.9999 -5.4551 0.0442 -5.4621 0.0440 2.4492 0.0413 99.9999 9.9999 -0.2573 0.0603 -0.2643 0.0601 99.9999 9.9999 -2.7065 0.0445 -2.7135 0.0443 99.9999 9.9999 99.9999 9.9999 -0.0070 0.0624 0.00334 1.233 
2456972.40670 -5.1655 0.0408 -2.7264 0.0051 99.9999 9.9999 -5.4507 0.0425 -5.5118 0.0481 2.4391 0.0411 99.9999 9.9999 -0.2852 0.0589 -0.3463 0.0631 99.9999 9.9999 -2.7243 0.0428 -2.7854 0.0484 99.9999 9.9999 99.9999 9.9999 -0.0611 0.0642 0.00334 1.232 
2456972.40725 -5.1792 0.0411 -2.7850 0.0052 99.9999 9.9999 -5.5210 0.0461 -5.5368 0.0478 2.3942 0.0414 99.9999 9.9999 -0.3418 0.0618 -0.3576 0.0630 99.9999 9.9999 -2.7360 0.0464 -2.7518 0.0481 99.9999 9.9999 99.9999 9.9999 -0.0158 0.0664 0.00334 1.230 
2456972.40782 -5.1593 0.0380 -2.7704 0.0053 -6.2330 0.0847 -5.4377 0.0430 -5.4854 0.0465 2.3889 0.0384 -1.0737 0.0928 -0.2784 0.0574 -0.3261 0.0601 -3.4626 0.0849 -2.6673 0.0433 -2.7150 0.0468 0.7953 0.0950 0.7476 0.0966 -0.0477 0.0633 0.00334 1.228 
2456972.40839 -5.1617 0.0419 -2.7213 0.0052 -6.2867 0.0911 -5.4480 0.0458 -5.5196 0.0502 2.4404 0.0422 -1.1250 0.1003 -0.2863 0.0621 -0.3579 0.0654 -3.5654 0.0912 -2.7267 0.0461 -2.7983 0.0505 0.8387 0.1020 0.7671 0.1040 -0.0716 0.0680 0.00334 1.227 
2456972.40894 -5.1690 0.0418 -2.7236 0.0050 -6.2683 0.0924 -5.5556 0.0506 -5.5137 0.0476 2.4454 0.0421 -1.0993 0.1014 -0.3866 0.0656 -0.3447 0.0633 -3.5447 0.0925 -2.8320 0.0508 -2.7901 0.0479 0.7127 0.1053 0.7546 0.1039 0.0419 0.0695 0.00334 1.225 
2456972.40951 -5.1380 0.0424 -2.7101 0.0053 -6.3200 0.1014 -5.4252 0.0477 -5.4688 0.0485 2.4279 0.0427 -1.1820 0.1099 -0.2872 0.0638 -0.3308 0.0644 -3.6099 0.1015 -2.7151 0.0480 -2.7587 0.0488 0.8948 0.1121 0.8512 0.1124 -0.0436 0.0680 0.00334 1.223 
2456972.41006 -5.1579 0.0429 -2.7682 0.0054 99.9999 9.9999 -5.5172 0.0495 -5.4802 0.0453 2.3897 0.0432 99.9999 9.9999 -0.3593 0.0655 -0.3223 0.0624 99.9999 9.9999 -2.7490 0.0498 -2.7120 0.0456 99.9999 9.9999 99.9999 9.9999 0.0370 0.0671 0.00334 1.222 
2456972.41063 -5.1324 0.0411 -2.7060 0.0052 -6.4144 0.1091 -5.5173 0.0480 -5.4804 0.0477 2.4264 0.0414 -1.2820 0.1166 -0.3849 0.0632 -0.3480 0.0630 -3.7084 0.1092 -2.8113 0.0483 -2.7744 0.0480 0.8971 0.1192 0.9340 0.1191 0.0369 0.0677 0.00334 1.220 
2456972.41119 -5.1248 0.0394 -2.7545 0.0052 -6.2996 0.0946 -5.4198 0.0452 -5.4672 0.0470 2.3703 0.0397 -1.1748 0.1025 -0.2950 0.0600 -0.3424 0.0613 -3.5451 0.0947 -2.6653 0.0455 -2.7127 0.0473 0.8798 0.1048 0.8324 0.1056 -0.0474 0.0652 0.00334 1.219 
2456972.41175 -5.2174 0.0449 -2.7332 0.0054 -6.1530 0.0861 -5.4169 0.0445 -5.5569 0.0521 2.4842 0.0452 -0.9356 0.0971 -0.1995 0.0632 -0.3395 0.0688 -3.4198 0.0863 -2.6837 0.0448 -2.8237 0.0524 0.7361 0.0969 0.5961 0.1006 -0.1400 0.0685 0.00334 1.217 
2456972.41231 -5.2044 0.0456 -2.7649 0.0055 99.9999 9.9999 -5.4419 0.0483 -5.5096 0.0524 2.4395 0.0459 99.9999 9.9999 -0.2375 0.0664 -0.3052 0.0695 99.9999 9.9999 -2.6770 0.0486 -2.7447 0.0527 99.9999 9.9999 99.9999 9.9999 -0.0677 0.0713 0.00334 1.215 
2456972.41288 -5.2031 0.0433 -2.8020 0.0056 -6.1917 0.0856 -5.5040 0.0471 -5.4490 0.0471 2.4011 0.0436 -0.9886 0.0959 -0.3009 0.0640 -0.2459 0.0640 -3.3897 0.0858 -2.7020 0.0474 -2.6470 0.0474 0.6877 0.0977 0.7427 0.0977 0.0550 0.0666 0.00334 1.214 
2456972.41344 -5.1684 0.0481 -2.6851 0.0056 -6.1917 0.1041 -5.5158 0.0575 -5.4621 0.0567 2.4833 0.0484 -1.0233 0.1147 -0.3474 0.0750 -0.2937 0.0744 -3.5066 0.1042 -2.8307 0.0578 -2.7770 0.0570 0.6759 0.1189 0.7296 0.1185 0.0537 0.0808 0.00334 1.212 
2456972.41400 -5.1804 0.0466 -2.7378 0.0055 99.9999 9.9999 -5.5092 0.0523 -5.4893 0.0528 2.4426 0.0469 99.9999 9.9999 -0.3288 0.0700 -0.3089 0.0704 99.9999 9.9999 -2.7714 0.0526 -2.7515 0.0531 99.9999 9.9999 99.9999 9.9999 0.0199 0.0743 0.00334 1.211 
2456972.41457 -5.2191 0.0488 -2.7890 0.0057 99.9999 9.9999 -5.4536 0.0501 -5.4777 0.0518 2.4301 0.0491 99.9999 9.9999 -0.2345 0.0699 -0.2586 0.0712 99.9999 9.9999 -2.6646 0.0504 -2.6887 0.0521 99.9999 9.9999 99.9999 9.9999 -0.0241 0.0721 0.00334 1.209 
2456972.41513 -5.1686 0.0483 -2.7388 0.0059 99.9999 9.9999 -5.4524 0.0540 -5.4629 0.0545 2.4298 0.0486 99.9999 9.9999 -0.2838 0.0724 -0.2943 0.0728 99.9999 9.9999 -2.7136 0.0543 -2.7241 0.0548 99.9999 9.9999 99.9999 9.9999 -0.0105 0.0767 0.00334 1.207 
2456972.41570 -5.2643 0.0495 -2.7397 0.0056 99.9999 9.9999 -5.5435 0.0559 -5.5053 0.0537 2.5246 0.0498 99.9999 9.9999 -0.2792 0.0747 -0.2410 0.0730 99.9999 9.9999 -2.8038 0.0562 -2.7656 0.0540 99.9999 9.9999 99.9999 9.9999 0.0382 0.0775 0.00334 1.206 
2456972.41626 -5.2190 0.0443 -2.8007 0.0056 -6.1678 0.0841 -5.5398 0.0512 -5.5108 0.0483 2.4183 0.0446 -0.9488 0.0951 -0.3208 0.0677 -0.2918 0.0655 -3.3671 0.0843 -2.7391 0.0515 -2.7101 0.0486 0.6280 0.0985 0.6570 0.0970 0.0290 0.0704 0.00334 1.204 
2456972.41682 -5.1706 0.0467 -2.7235 0.0057 99.9999 9.9999 -5.4127 0.0520 -5.5267 0.0564 2.4471 0.0470 99.9999 9.9999 -0.2421 0.0699 -0.3561 0.0732 99.9999 9.9999 -2.6892 0.0523 -2.8032 0.0567 99.9999 9.9999 99.9999 9.9999 -0.1140 0.0767 0.00334 1.203 
2456972.41739 -5.1801 0.0483 -2.7439 0.0059 99.9999 9.9999 -5.4959 0.0551 -5.5398 0.0587 2.4362 0.0486 99.9999 9.9999 -0.3158 0.0733 -0.3597 0.0760 99.9999 9.9999 -2.7520 0.0554 -2.7959 0.0590 99.9999 9.9999 99.9999 9.9999 -0.0439 0.0805 0.00334 1.201 
2456972.41795 -5.2088 0.0517 -2.7688 0.0061 -6.2494 0.1114 -5.5011 0.0561 -5.5276 0.0583 2.4400 0.0520 -1.0406 0.1228 -0.2923 0.0763 -0.3188 0.0779 -3.4806 0.1116 -2.7323 0.0564 -2.7588 0.0586 0.7483 0.1247 0.7218 0.1257 -0.0265 0.0809 0.00334 1.200 
2456972.41851 -5.2702 0.0505 -2.7411 0.0056 -6.2523 0.0992 -5.5383 0.0539 -5.5642 0.0540 2.5291 0.0508 -0.9821 0.1113 -0.2681 0.0739 -0.2940 0.0739 -3.5112 0.0994 -2.7972 0.0542 -2.8231 0.0543 0.7140 0.1129 0.6881 0.1129 -0.0259 0.0763 0.00334 1.198 
2456972.41908 -5.2135 0.0486 -2.7469 0.0056 -6.3856 0.1157 -5.4799 0.0541 -5.5284 0.0559 2.4666 0.0489 -1.1721 0.1255 -0.2664 0.0727 -0.3149 0.0741 -3.6387 0.1158 -2.7330 0.0544 -2.7815 0.0562 0.9057 0.1277 0.8572 0.1285 -0.0485 0.0778 0.00334 1.197 
2456972.41964 -5.2167 0.0480 99.9999 9.9999 -6.2811 0.1098 -5.4525 0.0518 -5.4819 0.0548 99.9999 9.9999 -1.0644 0.1198 -0.2358 0.0706 -0.2652 0.0728 99.9999 9.9999 99.9999 9.9999 99.9999 9.9999 0.8286 0.1214 0.7992 0.1227 -0.0294 0.0754 0.00334 1.195 
2456972.42020 -5.2580 0.0462 -2.7989 0.0056 -6.4721 0.1176 -5.5331 0.0505 -5.4992 0.0503 2.4591 0.0465 -1.2141 0.1263 -0.2751 0.0684 -0.2412 0.0683 -3.6732 0.1177 -2.7342 0.0508 -2.7003 0.0506 0.9390 0.1280 0.9729 0.1279 0.0339 0.0713 0.00334 1.194 
2456972.42076 -5.2063 0.0462 -2.7870 0.0056 -6.2279 0.0943 -5.5792 0.0530 -5.5424 0.0496 2.4193 0.0465 -1.0216 0.1050 -0.3729 0.0703 -0.3361 0.0678 -3.4409 0.0945 -2.7922 0.0533 -2.7554 0.0499 0.6487 0.1082 0.6855 0.1065 0.0368 0.0726 0.00334 1.192 
2456972.42133 -5.1848 0.0454 -2.7233 0.0057 -6.2714 0.1019 -5.4899 0.0522 -5.5473 0.0538 2.4615 0.0457 -1.0866 0.1116 -0.3051 0.0692 -0.3625 0.0704 -3.5481 0.1021 -2.7666 0.0525 -2.8240 0.0541 0.7815 0.1145 0.7241 0.1152 -0.0574 0.0750 0.00334 1.191 
2456972.42189 -5.2960 0.0540 -2.8160 0.0062 -6.2475 0.1067 -5.4339 0.0517 -5.4779 0.0527 2.4800 0.0543 -0.9515 0.1196 -0.1379 0.0748 -0.1819 0.0755 -3.4315 0.1069 -2.6179 0.0521 -2.6619 0.0531 0.8136 0.1186 0.7696 0.1190 -0.0440 0.0738 0.00334 1.189 
2456972.42246 -5.1998 0.0487 -2.7473 0.0057 -6.1897 0.0973 -5.4598 0.0525 -5.5001 0.0507 2.4525 0.0490 -0.9899 0.1088 -0.2600 0.0716 -0.3003 0.0703 -3.4424 0.0975 -2.7125 0.0528 -2.7528 0.0510 0.7299 0.1106 0.6896 0.1097 -0.0403 0.0730 0.00334 1.188 
2456972.42303 -5.1889 0.0449 -2.7740 0.0055 -6.2921 0.1014 -5.5200 0.0509 -5.4902 0.0511 2.4149 0.0452 -1.1032 0.1109 -0.3311 0.0679 -0.3013 0.0680 -3.5181 0.1015 -2.7460 0.0512 -2.7162 0.0514 0.7721 0.1135 0.8019 0.1135 0.0298 0.0721 0.00334 1.186 
2456972.42358 -5.3327 0.0640 -2.8139 0.0067 99.9999 9.9999 99.9999 9.9999 99.9999 9.9999 2.5188 0.0643 99.9999 9.9999 99.9999 9.9999 99.9999 9.9999 99.9999 9.9999 99.9999 9.9999 99.9999 9.9999 99.9999 9.9999 99.9999 9.9999 99.9999 9.9999 0.00334 1.185 
2456972.42415 -5.1824 0.0399 -2.7118 0.0051 -6.2052 0.0862 -5.4719 0.0457 -5.5198 0.0489 2.4706 0.0402 -1.0228 0.0950 -0.2895 0.0607 -0.3374 0.0631 -3.4934 0.0863 -2.7601 0.0460 -2.8080 0.0492 0.7333 0.0976 0.6854 0.0991 -0.0479 0.0669 0.00334 1.183 
2456972.42471 -5.1615 0.0393 -2.7492 0.0051 -6.2835 0.0894 -5.4322 0.0436 -5.4620 0.0449 2.4123 0.0396 -1.1220 0.0977 -0.2707 0.0587 -0.3005 0.0597 -3.5343 0.0895 -2.6830 0.0439 -2.7128 0.0452 0.8513 0.0995 0.8215 0.1000 -0.0298 0.0626 0.00334 1.182 
2456972.42527 -5.1963 0.0425 99.9999 9.9999 -6.3434 0.0947 -5.5467 0.0470 -5.5153 0.0457 99.9999 9.9999 -1.1471 0.1038 -0.3504 0.0634 -0.3190 0.0624 99.9999 9.9999 99.9999 9.9999 99.9999 9.9999 0.7967 0.1057 0.8281 0.1052 0.0314 0.0656 0.00334 1.180 
2456972.42584 -5.2370 0.0424 -2.8148 0.0053 99.9999 9.9999 -5.5003 0.0460 -5.5434 0.0498 2.4222 0.0427 99.9999 9.9999 -0.2633 0.0626 -0.3064 0.0654 99.9999 9.9999 -2.6855 0.0463 -2.7286 0.0501 99.9999 9.9999 99.9999 9.9999 -0.0431 0.0678 0.00334 1.179 
2456972.42640 -5.2821 0.0452 -2.7920 0.0054 -6.3988 0.1071 -5.5069 0.0477 -5.5809 0.0517 2.4901 0.0455 -1.1167 0.1162 -0.2248 0.0657 -0.2988 0.0687 -3.6068 0.1072 -2.7149 0.0480 -2.7889 0.0520 0.8919 0.1172 0.8179 0.1189 -0.0740 0.0703 0.00334 1.178 
2456972.42696 -5.1742 0.0442 -2.7574 0.0053 -6.2883 0.1004 -5.4514 0.0468 -5.4249 0.0462 2.4168 0.0445 -1.1141 0.1097 -0.2772 0.0644 -0.2507 0.0639 -3.5309 0.1005 -2.6940 0.0471 -2.6675 0.0465 0.8369 0.1108 0.8634 0.1105 0.0265 0.0658 0.00334 1.176 
2456972.42752 -5.2792 0.0461 -2.8291 0.0055 99.9999 9.9999 -5.4656 0.0463 -5.5637 0.0489 2.4501 0.0464 99.9999 9.9999 -0.1864 0.0653 -0.2845 0.0672 99.9999 9.9999 -2.6365 0.0466 -2.7346 0.0492 99.9999 9.9999 99.9999 9.9999 -0.0981 0.0673 0.00334 1.175 
2456972.42808 -5.2259 0.0440 -2.7400 0.0051 -6.3328 0.0963 -5.5238 0.0470 -5.5117 0.0481 2.4859 0.0443 -1.1069 0.1059 -0.2979 0.0644 -0.2858 0.0652 -3.5928 0.0964 -2.7838 0.0473 -2.7717 0.0484 0.8090 0.1072 0.8211 0.1076 0.0121 0.0673 0.00334 1.173 
2456972.42869 -5.2097 0.0408 -2.7719 0.0052 -6.1838 0.0838 -5.5604 0.0484 -5.5045 0.0470 2.4378 0.0411 -0.9741 0.0932 -0.3507 0.0633 -0.2948 0.0622 -3.4119 0.0840 -2.7885 0.0487 -2.7326 0.0473 0.6234 0.0968 0.6793 0.0961 0.0559 0.0675 0.00334 1.172 
2456972.42925 -5.1672 0.0388 -2.7802 0.0051 99.9999 9.9999 -5.5180 0.0474 -5.4439 0.0444 2.3870 0.0391 99.9999 9.9999 -0.3508 0.0613 -0.2767 0.0590 99.9999 9.9999 -2.7378 0.0477 -2.6637 0.0447 99.9999 9.9999 99.9999 9.9999 0.0741 0.0649 0.00334 1.171 
2456972.42981 -5.2199 0.0406 -2.7843 0.0050 -6.1683 0.0763 -5.5277 0.0441 -5.5650 0.0476 2.4356 0.0409 -0.9484 0.0864 -0.3078 0.0599 -0.3451 0.0626 -3.3840 0.0765 -2.7434 0.0444 -2.7807 0.0479 0.6406 0.0881 0.6033 0.0899 -0.0373 0.0649 0.00334 1.169 
2456972.43038 -5.2090 0.0398 -2.8016 0.0050 -6.1786 0.0768 -5.5148 0.0429 -5.4919 0.0410 2.4074 0.0401 -0.9696 0.0865 -0.3058 0.0585 -0.2829 0.0571 -3.3770 0.0770 -2.7132 0.0432 -2.6903 0.0413 0.6638 0.0880 0.6867 0.0871 0.0229 0.0593 0.00334 1.168 
2456972.43094 -5.2114 0.0396 -2.8113 0.0051 -6.2200 0.0788 -5.4807 0.0434 -5.5236 0.0445 2.4001 0.0399 -1.0086 0.0882 -0.2693 0.0588 -0.3122 0.0596 -3.4087 0.0790 -2.6694 0.0437 -2.7123 0.0448 0.7393 0.0900 0.6964 0.0905 -0.0429 0.0622 0.00334 1.166 
2456972.43150 -5.1853 0.0376 99.9999 9.9999 -6.2678 0.0788 -5.5096 0.0408 -5.5677 0.0432 99.9999 9.9999 -1.0825 0.0873 -0.3243 0.0555 -0.3824 0.0573 99.9999 9.9999 99.9999 9.9999 99.9999 9.9999 0.7582 0.0887 0.7001 0.0899 -0.0581 0.0594 0.00334 1.165 
2456972.43207 -5.1938 0.0381 -2.7759 0.0049 -6.3067 0.0867 -5.5281 0.0423 -5.4847 0.0402 2.4179 0.0384 -1.1129 0.0947 -0.3343 0.0569 -0.2909 0.0554 -3.5308 0.0868 -2.7522 0.0426 -2.7088 0.0405 0.7786 0.0965 0.8220 0.0956 0.0434 0.0584 0.00334 1.164 
2456972.43262 -5.2429 0.0413 -2.7878 0.0050 -6.1689 0.0758 -5.4949 0.0439 -5.5163 0.0452 2.4551 0.0416 -0.9260 0.0863 -0.2520 0.0603 -0.2734 0.0612 -3.3811 0.0760 -2.7071 0.0442 -2.7285 0.0455 0.6740 0.0876 0.6526 0.0883 -0.0214 0.0630 0.00334 1.162 
2456972.43319 -5.2831 0.0438 -2.8023 0.0051 -6.2383 0.0818 -5.5354 0.0451 -5.5745 0.0479 2.4808 0.0441 -0.9552 0.0928 -0.2523 0.0629 -0.2914 0.0649 -3.4360 0.0820 -2.7331 0.0454 -2.7722 0.0482 0.7029 0.0934 0.6638 0.0948 -0.0391 0.0658 0.00334 1.161 
2456972.43376 -5.2398 0.0429 -2.7652 0.0050 -6.2130 0.0809 -5.5380 0.0454 -5.5454 0.0485 2.4746 0.0432 -0.9732 0.0916 -0.2982 0.0625 -0.3056 0.0648 -3.4478 0.0810 -2.7728 0.0457 -2.7802 0.0487 0.6750 0.0928 0.6676 0.0943 -0.0074 0.0664 0.00334 1.160 
2456972.43431 -5.2550 0.0402 -2.8302 0.0050 -6.3812 0.0925 -5.5527 0.0451 -5.5464 0.0462 2.4248 0.0405 -1.1262 0.1009 -0.2977 0.0604 -0.2914 0.0612 -3.5510 0.0926 -2.7225 0.0454 -2.7162 0.0465 0.8285 0.1029 0.8348 0.1034 0.0063 0.0646 0.00334 1.158 
2456972.43488 -5.1904 0.0385 -2.7904 0.0049 -6.1901 0.0797 -5.5072 0.0407 -5.6159 0.0468 2.4000 0.0388 -0.9997 0.0885 -0.3168 0.0560 -0.4255 0.0606 -3.3997 0.0798 -2.7168 0.0410 -2.8255 0.0470 0.6829 0.0895 0.5742 0.0924 -0.1087 0.0620 0.00334 1.157 
2456972.43545 -5.2572 0.0412 -2.7541 0.0048 -6.2759 0.0841 -5.4926 0.0429 -5.4992 0.0439 2.5031 0.0415 -1.0187 0.0936 -0.2354 0.0595 -0.2420 0.0602 -3.5218 0.0842 -2.7385 0.0432 -2.7451 0.0442 0.7833 0.0944 0.7767 0.0949 -0.0066 0.0614 0.00334 1.156 
2456972.43601 -5.2235 0.0412 -2.7767 0.0050 99.9999 9.9999 -5.5958 0.0470 -5.5085 0.0433 2.4468 0.0415 99.9999 9.9999 -0.3723 0.0625 -0.2850 0.0598 99.9999 9.9999 -2.8191 0.0473 -2.7318 0.0436 99.9999 9.9999 99.9999 9.9999 0.0873 0.0639 0.00334 1.154 
2456972.43657 -5.2228 0.0405 -2.7892 0.0050 -6.2337 0.0802 -5.4899 0.0431 -5.4374 0.0416 2.4336 0.0408 -1.0109 0.0898 -0.2671 0.0591 -0.2146 0.0581 -3.4445 0.0803 -2.7007 0.0434 -2.6482 0.0419 0.7438 0.0910 0.7963 0.0903 0.0525 0.0599 0.00334 1.153 
2456972.43713 -5.2302 0.0412 -2.7733 0.0050 -6.2983 0.0882 -5.4973 0.0465 -5.5673 0.0488 2.4569 0.0415 -1.0681 0.0973 -0.2671 0.0621 -0.3371 0.0639 -3.5250 0.0883 -2.7240 0.0468 -2.7940 0.0490 0.8010 0.0997 0.7310 0.1008 -0.0700 0.0674 0.00334 1.152 
2456972.43771 -5.2623 0.0406 -2.8090 0.0050 -6.1595 0.0790 -5.4977 0.0424 -5.5175 0.0448 2.4533 0.0409 -0.8972 0.0888 -0.2354 0.0587 -0.2552 0.0605 -3.3505 0.0792 -2.6887 0.0427 -2.7085 0.0451 0.6618 0.0897 0.6420 0.0908 -0.0198 0.0617 0.00334 1.151 
2456972.43827 -5.2678 0.0403 -2.8012 0.0050 -6.2797 0.0815 -5.5405 0.0447 -5.5930 0.0469 2.4666 0.0406 -1.0119 0.0909 -0.2727 0.0602 -0.3252 0.0618 -3.4785 0.0816 -2.7393 0.0450 -2.7918 0.0472 0.7392 0.0930 0.6867 0.0940 -0.0525 0.0648 0.00334 1.149 
2456972.43883 -5.2775 0.0413 -2.7811 0.0049 -6.1952 0.0764 -5.5445 0.0447 -5.5367 0.0450 2.4964 0.0416 -0.9177 0.0868 -0.2670 0.0609 -0.2592 0.0611 -3.4141 0.0766 -2.7634 0.0450 -2.7556 0.0453 0.6507 0.0885 0.6585 0.0887 0.0078 0.0634 0.00334 1.148 
2456972.43939 -5.2127 0.0359 -2.8381 0.0050 99.9999 9.9999 -5.5397 0.0419 -5.5360 0.0420 2.3746 0.0362 99.9999 9.9999 -0.3270 0.0552 -0.3233 0.0553 99.9999 9.9999 -2.7016 0.0422 -2.6979 0.0423 99.9999 9.9999 99.9999 9.9999 0.0037 0.0593 0.00334 1.147 
2456972.43995 -5.2759 0.0396 -2.8219 0.0049 99.9999 9.9999 -5.5147 0.0427 -5.5396 0.0444 2.4540 0.0399 99.9999 9.9999 -0.2388 0.0582 -0.2637 0.0595 99.9999 9.9999 -2.6928 0.0430 -2.7177 0.0447 99.9999 9.9999 99.9999 9.9999 -0.0249 0.0616 0.00334 1.146 
2456972.44050 -5.2393 0.0376 -2.8299 0.0049 -6.3459 0.0865 -5.5598 0.0451 -5.6103 0.0453 2.4094 0.0379 -1.1066 0.0943 -0.3205 0.0587 -0.3710 0.0589 -3.5160 0.0866 -2.7299 0.0454 -2.7804 0.0456 0.7861 0.0976 0.7356 0.0976 -0.0505 0.0639 0.00334 1.144 
2456972.44107 -5.2152 0.0386 -2.7899 0.0048 -6.2281 0.0776 -5.5160 0.0432 -5.5637 0.0450 2.4253 0.0389 -1.0129 0.0867 -0.3008 0.0579 -0.3485 0.0593 -3.4382 0.0777 -2.7261 0.0435 -2.7738 0.0452 0.7121 0.0888 0.6644 0.0897 -0.0477 0.0624 0.00334 1.143 
2456972.44163 -5.2146 0.0391 -2.7784 0.0049 -6.3628 0.0918 -5.5040 0.0430 -5.5690 0.0425 2.4362 0.0394 -1.1482 0.0998 -0.2894 0.0581 -0.3544 0.0577 -3.5844 0.0919 -2.7256 0.0433 -2.7906 0.0428 0.8588 0.1014 0.7938 0.1012 -0.0650 0.0605 0.00334 1.142 
2456972.44218 -5.2847 0.0404 -2.8271 0.0049 -6.3756 0.0864 -5.5748 0.0436 -5.5706 0.0437 2.4576 0.0407 -1.0909 0.0954 -0.2901 0.0594 -0.2859 0.0595 -3.5485 0.0865 -2.7477 0.0439 -2.7435 0.0440 0.8008 0.0968 0.8050 0.0968 0.0042 0.0617 0.00334 1.141 
2456972.44275 -5.2259 0.0382 -2.7999 0.0048 -6.2996 0.0801 -5.4975 0.0420 -5.5099 0.0428 2.4260 0.0385 -1.0737 0.0887 -0.2716 0.0568 -0.2840 0.0574 -3.4997 0.0802 -2.6976 0.0423 -2.7100 0.0431 0.8021 0.0904 0.7897 0.0908 -0.0124 0.0600 0.00334 1.139 
2456972.44330 -5.2293 0.0383 -2.8110 0.0049 -6.2181 0.0731 -5.5161 0.0416 -5.5516 0.0427 2.4183 0.0386 -0.9888 0.0825 -0.2868 0.0565 -0.3223 0.0574 -3.4071 0.0733 -2.7051 0.0419 -2.7406 0.0430 0.7020 0.0841 0.6665 0.0847 -0.0355 0.0596 0.00334 1.138 
2456972.44386 -5.2355 0.0366 -2.8413 0.0048 -6.3786 0.0835 -5.5756 0.0416 -5.5185 0.0410 2.3942 0.0369 -1.1431 0.0912 -0.3401 0.0554 -0.2830 0.0550 -3.5373 0.0836 -2.7343 0.0419 -2.6772 0.0413 0.8030 0.0933 0.8601 0.0930 0.0571 0.0584 0.00334 1.137 
2456972.44443 -5.2320 0.0380 99.9999 9.9999 99.9999 9.9999 -5.5070 0.0399 -5.5183 0.0412 99.9999 9.9999 99.9999 9.9999 -0.2750 0.0551 -0.2863 0.0560 99.9999 9.9999 99.9999 9.9999 99.9999 9.9999 99.9999 9.9999 99.9999 9.9999 -0.0113 0.0574 0.00334 1.136 
2456972.44498 -5.2120 0.0369 -2.7929 0.0048 -6.3383 0.0790 -5.5370 0.0420 -5.5577 0.0417 2.4191 0.0372 -1.1263 0.0872 -0.3250 0.0559 -0.3457 0.0557 -3.5454 0.0791 -2.7441 0.0423 -2.7648 0.0420 0.8013 0.0895 0.7806 0.0893 -0.0207 0.0592 0.00334 1.135 
2456972.44554 -5.2350 0.0379 -2.7996 0.0048 -6.2652 0.0774 -5.5459 0.0412 -5.5245 0.0413 2.4354 0.0382 -1.0302 0.0862 -0.3109 0.0560 -0.2895 0.0561 -3.4656 0.0775 -2.7463 0.0415 -2.7249 0.0416 0.7193 0.0877 0.7407 0.0877 0.0214 0.0583 0.00334 1.134 
2456972.44611 -5.3083 0.0411 -2.8237 0.0048 -6.2753 0.0776 -5.5267 0.0414 -5.5439 0.0405 2.4846 0.0414 -0.9670 0.0878 -0.2184 0.0583 -0.2356 0.0577 -3.4516 0.0777 -2.7030 0.0417 -2.7202 0.0408 0.7486 0.0880 0.7314 0.0875 -0.0172 0.0579 0.00334 1.132 
2456972.44666 -5.2387 0.0377 99.9999 9.9999 -6.3212 0.0811 -5.5348 0.0397 -5.5445 0.0411 99.9999 9.9999 -1.0825 0.0894 -0.2961 0.0547 -0.3058 0.0558 99.9999 9.9999 99.9999 9.9999 99.9999 9.9999 0.7864 0.0903 0.7767 0.0909 -0.0097 0.0571 0.00334 1.131 
2456972.44722 -5.2777 0.0399 -2.8181 0.0048 99.9999 9.9999 -5.5238 0.0422 -5.5212 0.0428 2.4596 0.0402 99.9999 9.9999 -0.2461 0.0581 -0.2435 0.0585 99.9999 9.9999 -2.7057 0.0425 -2.7031 0.0431 99.9999 9.9999 99.9999 9.9999 0.0026 0.0601 0.00334 1.130 
2456972.44777 -5.2715 0.0395 -2.8564 0.0049 -6.1424 0.0677 -5.5807 0.0440 -5.5720 0.0440 2.4151 0.0398 -0.8709 0.0784 -0.3092 0.0591 -0.3005 0.0591 -3.2860 0.0679 -2.7243 0.0443 -2.7156 0.0443 0.5617 0.0807 0.5704 0.0807 0.0087 0.0622 0.00334 1.129 
2456972.44834 -5.2678 0.0383 -2.8216 0.0048 -6.3824 0.0803 -5.5084 0.0409 -5.5780 0.0445 2.4462 0.0386 -1.1146 0.0890 -0.2406 0.0560 -0.3102 0.0587 -3.5608 0.0804 -2.6868 0.0412 -2.7564 0.0447 0.8740 0.0901 0.8044 0.0918 -0.0696 0.0604 0.00334 1.128 
2456972.44889 -5.2631 0.0384 -2.8282 0.0048 99.9999 9.9999 -5.5361 0.0401 -5.5410 0.0434 2.4349 0.0387 99.9999 9.9999 -0.2730 0.0555 -0.2779 0.0579 99.9999 9.9999 -2.7079 0.0404 -2.7128 0.0437 99.9999 9.9999 99.9999 9.9999 -0.0049 0.0591 0.00334 1.127 
2456972.44945 -5.2869 0.0386 -2.8239 0.0048 -6.2582 0.0761 -5.5574 0.0424 -5.5768 0.0419 2.4630 0.0389 -0.9713 0.0853 -0.2705 0.0573 -0.2899 0.0570 -3.4343 0.0762 -2.7335 0.0427 -2.7529 0.0422 0.7008 0.0871 0.6814 0.0869 -0.0194 0.0596 0.00334 1.125 
2456972.45002 -5.2664 0.0378 -2.8251 0.0047 -6.4085 0.0851 -5.5796 0.0415 -5.5509 0.0418 2.4413 0.0381 -1.1421 0.0931 -0.3132 0.0561 -0.2845 0.0564 -3.5834 0.0852 -2.7545 0.0418 -2.7258 0.0421 0.8289 0.0947 0.8576 0.0948 0.0287 0.0589 0.00334 1.124 
2456972.45060 -5.3259 0.0457 -2.8338 0.0056 99.9999 9.9999 -5.6023 0.0514 -5.6119 0.0523 2.4921 0.0460 99.9999 9.9999 -0.2764 0.0688 -0.2860 0.0695 99.9999 9.9999 -2.7685 0.0517 -2.7781 0.0526 99.9999 9.9999 99.9999 9.9999 -0.0096 0.0733 0.00334 1.123 
2456972.45116 -5.2530 0.0378 -2.7987 0.0048 -6.2786 0.0770 -5.5021 0.0397 -5.5309 0.0400 2.4543 0.0381 -1.0256 0.0858 -0.2491 0.0548 -0.2779 0.0550 -3.4799 0.0771 -2.7034 0.0400 -2.7322 0.0403 0.7765 0.0866 0.7477 0.0868 -0.0288 0.0564 0.00334 1.122 
2456972.45173 -5.2867 0.0405 -2.8585 0.0048 -6.2505 0.0772 -5.5394 0.0403 -5.5386 0.0395 2.4282 0.0408 -0.9638 0.0872 -0.2527 0.0571 -0.2519 0.0566 -3.3920 0.0773 -2.6809 0.0406 -2.6801 0.0398 0.7111 0.0871 0.7119 0.0867 0.0008 0.0564 0.00334 1.121 
2456972.45230 -5.2827 0.0388 -2.8409 0.0048 -6.3436 0.0811 -5.5190 0.0395 -5.6017 0.0425 2.4418 0.0391 -1.0609 0.0899 -0.2363 0.0554 -0.3190 0.0575 -3.5027 0.0812 -2.6781 0.0398 -2.7608 0.0428 0.8246 0.0902 0.7419 0.0916 -0.0827 0.0580 0.00334 1.120 
2456972.45286 -5.3012 0.0394 -2.8329 0.0049 -6.2924 0.0775 -5.5265 0.0404 -5.6130 0.0453 2.4683 0.0397 -0.9912 0.0869 -0.2253 0.0564 -0.3118 0.0600 -3.4595 0.0776 -2.6936 0.0407 -2.7801 0.0456 0.7659 0.0874 0.6794 0.0898 -0.0865 0.0607 0.00334 1.119 
2456972.45343 -5.3157 0.0400 -2.8594 0.0050 -6.3101 0.0793 -5.6077 0.0433 -5.5942 0.0438 2.4563 0.0403 -0.9944 0.0888 -0.2920 0.0589 -0.2785 0.0593 -3.4507 0.0795 -2.7483 0.0436 -2.7348 0.0441 0.7024 0.0904 0.7159 0.0906 0.0135 0.0616 0.00334 1.118 
2456972.45400 -5.2776 0.0416 -2.8134 0.0051 -6.3270 0.0880 -5.5300 0.0452 -5.5744 0.0460 2.4642 0.0419 -1.0494 0.0973 -0.2524 0.0614 -0.2968 0.0620 -3.5136 0.0881 -2.7166 0.0455 -2.7610 0.0463 0.7970 0.0989 0.7526 0.0993 -0.0444 0.0645 0.00334 1.116 
2456972.45457 -5.3208 0.0407 99.9999 9.9999 99.9999 9.9999 -5.5357 0.0425 -5.5919 0.0432 99.9999 9.9999 99.9999 9.9999 -0.2149 0.0588 -0.2711 0.0594 99.9999 9.9999 99.9999 9.9999 99.9999 9.9999 99.9999 9.9999 99.9999 9.9999 -0.0562 0.0606 0.00334 1.115 
2456972.45513 -5.3005 0.0393 -2.8512 0.0049 -6.3204 0.0800 -5.5438 0.0414 -5.5991 0.0447 2.4493 0.0396 -1.0199 0.0891 -0.2433 0.0571 -0.2986 0.0595 -3.4692 0.0801 -2.6926 0.0417 -2.7479 0.0450 0.7766 0.0901 0.7213 0.0916 -0.0553 0.0609 0.00334 1.114 
2456972.45571 -5.2804 0.0406 -2.8351 0.0050 -6.2870 0.0842 -5.5280 0.0435 -5.5596 0.0466 2.4453 0.0409 -1.0066 0.0935 -0.2476 0.0595 -0.2792 0.0618 -3.4519 0.0843 -2.6929 0.0438 -2.7245 0.0469 0.7590 0.0948 0.7274 0.0962 -0.0316 0.0637 0.00334 1.113 
2456972.45628 -5.2517 0.0396 -2.8582 0.0051 99.9999 9.9999 -5.5355 0.0446 -5.5522 0.0450 2.3935 0.0399 99.9999 9.9999 -0.2838 0.0596 -0.3005 0.0599 99.9999 9.9999 -2.6773 0.0449 -2.6940 0.0453 99.9999 9.9999 99.9999 9.9999 -0.0167 0.0634 0.00334 1.112 
2456972.45685 -5.3046 0.0411 -2.8396 0.0050 -6.4386 0.0926 -5.5797 0.0450 -5.6270 0.0471 2.4650 0.0414 -1.1340 0.1013 -0.2751 0.0609 -0.3224 0.0625 -3.5990 0.0927 -2.7401 0.0453 -2.7874 0.0474 0.8589 0.1030 0.8116 0.1039 -0.0473 0.0651 0.00334 1.111 
2456972.45741 -5.2550 0.0402 -2.8035 0.0049 -6.1999 0.0723 -5.4958 0.0400 -5.5111 0.0403 2.4515 0.0405 -0.9449 0.0827 -0.2408 0.0567 -0.2561 0.0569 -3.3964 0.0725 -2.6923 0.0403 -2.7076 0.0406 0.7041 0.0826 0.6888 0.0828 -0.0153 0.0568 0.00334 1.110 
2456972.45798 -5.3076 0.0403 -2.8655 0.0049 -6.2860 0.0781 -5.5512 0.0426 -5.5364 0.0408 2.4421 0.0406 -0.9784 0.0879 -0.2436 0.0586 -0.2288 0.0573 -3.4205 0.0782 -2.6857 0.0429 -2.6709 0.0411 0.7348 0.0890 0.7496 0.0881 0.0148 0.0590 0.00334 1.109 
2456972.45855 -5.2711 0.0389 -2.8489 0.0050 -6.3902 0.0890 -5.5731 0.0439 -5.5958 0.0446 2.4222 0.0392 -1.1191 0.0971 -0.3020 0.0587 -0.3247 0.0592 -3.5413 0.0891 -2.7242 0.0442 -2.7469 0.0449 0.8171 0.0992 0.7944 0.0995 -0.0227 0.0626 0.00334 1.108 
2456972.45910 -5.2979 0.0399 -2.8291 0.0048 -6.3682 0.0827 -5.5363 0.0421 -5.5278 0.0418 2.4688 0.0402 -1.0703 0.0918 -0.2384 0.0580 -0.2299 0.0578 -3.5391 0.0828 -2.7072 0.0424 -2.6987 0.0421 0.8319 0.0928 0.8404 0.0927 0.0085 0.0593 0.00334 1.107 
2456972.45967 -5.2754 0.0383 -2.8565 0.0048 -6.2911 0.0783 -5.6319 0.0458 -5.5723 0.0429 2.4189 0.0386 -1.0157 0.0872 -0.3565 0.0597 -0.2969 0.0575 -3.4346 0.0784 -2.7754 0.0460 -2.7158 0.0432 0.6592 0.0907 0.7188 0.0893 0.0596 0.0628 0.00334 1.106 
2456972.46024 -5.2894 0.0383 -2.8576 0.0048 -6.3121 0.0763 -5.5260 0.0402 -5.6047 0.0419 2.4318 0.0386 -1.0227 0.0854 -0.2366 0.0555 -0.3153 0.0568 -3.4545 0.0764 -2.6684 0.0405 -2.7471 0.0422 0.7861 0.0862 0.7074 0.0870 -0.0787 0.0581 0.00334 1.105 
2456972.46079 -5.2241 0.0353 -2.8737 0.0049 -6.5226 0.0921 -5.5766 0.0420 -5.5088 0.0395 2.3504 0.0356 -1.2985 0.0986 -0.3525 0.0549 -0.2847 0.0530 -3.6489 0.0922 -2.7029 0.0423 -2.6351 0.0398 0.9460 0.1012 1.0138 0.1002 0.0678 0.0577 0.00334 1.104 
2456972.46136 -5.3087 0.0409 -2.8488 0.0049 -6.3682 0.0840 -5.5396 0.0430 -5.6177 0.0456 2.4599 0.0412 -1.0595 0.0934 -0.2309 0.0593 -0.3090 0.0613 -3.5194 0.0841 -2.6908 0.0433 -2.7689 0.0459 0.8286 0.0944 0.7505 0.0956 -0.0781 0.0627 0.00334 1.103 
2456972.46192 -5.2779 0.0386 -2.8566 0.0049 -6.2299 0.0721 -5.5143 0.0412 -5.5569 0.0427 2.4213 0.0389 -0.9520 0.0818 -0.2364 0.0565 -0.2790 0.0576 -3.3733 0.0723 -2.6577 0.0415 -2.7003 0.0430 0.7156 0.0830 0.6730 0.0838 -0.0426 0.0593 0.00334 1.102 
2456972.46248 -5.3456 0.0403 -2.8664 0.0049 -6.3668 0.0835 -5.5203 0.0404 -5.6406 0.0464 2.4792 0.0406 -1.0212 0.0927 -0.1747 0.0571 -0.2950 0.0615 -3.5004 0.0836 -2.6539 0.0407 -2.7742 0.0466 0.8465 0.0928 0.7262 0.0955 -0.1203 0.0615 0.00334 1.101 
2456972.46304 -5.2761 0.0400 -2.8537 0.0050 -6.3947 0.0878 -5.5196 0.0420 -5.5366 0.0429 2.4224 0.0403 -1.1186 0.0965 -0.2435 0.0580 -0.2605 0.0587 -3.5410 0.0879 -2.6659 0.0423 -2.6829 0.0432 0.8751 0.0973 0.8581 0.0977 -0.0170 0.0600 0.00334 1.100 
2456972.46361 -5.2580 0.0384 -2.8929 0.0051 -6.2907 0.0761 -5.5027 0.0391 -5.5584 0.0423 2.3651 0.0387 -1.0327 0.0852 -0.2447 0.0548 -0.3004 0.0571 -3.3978 0.0763 -2.6098 0.0394 -2.6655 0.0426 0.7880 0.0856 0.7323 0.0871 -0.0557 0.0576 0.00334 1.099 
2456972.46416 -5.2516 0.0381 -2.8683 0.0050 -6.3870 0.0832 -5.5700 0.0424 -5.6305 0.0459 2.3833 0.0384 -1.1354 0.0915 -0.3184 0.0570 -0.3789 0.0597 -3.5187 0.0833 -2.7017 0.0427 -2.7622 0.0462 0.8170 0.0934 0.7565 0.0950 -0.0605 0.0625 0.00334 1.098 
2456972.46473 -5.2653 0.0401 -2.8633 0.0050 -6.3360 0.0838 -5.5803 0.0456 -5.5602 0.0462 2.4020 0.0404 -1.0707 0.0929 -0.3150 0.0607 -0.2949 0.0612 -3.4727 0.0839 -2.7170 0.0459 -2.6969 0.0465 0.7557 0.0954 0.7758 0.0957 0.0201 0.0649 0.00334 1.097 
2456972.46528 -5.2715 0.0396 -2.8854 0.0051 -6.4124 0.0900 -5.5865 0.0444 -5.6059 0.0450 2.3861 0.0399 -1.1409 0.0983 -0.3150 0.0595 -0.3344 0.0599 -3.5270 0.0901 -2.7011 0.0447 -2.7205 0.0453 0.8259 0.1004 0.8065 0.1006 -0.0194 0.0632 0.00334 1.096 
2456972.46585 -5.3845 0.0447 -2.8717 0.0051 -6.3833 0.0877 -5.5378 0.0436 -5.6223 0.0466 2.5128 0.0450 -0.9988 0.0984 -0.1533 0.0624 -0.2378 0.0646 -3.5116 0.0878 -2.6661 0.0439 -2.7506 0.0469 0.8455 0.0979 0.7610 0.0993 -0.0845 0.0638 0.00334 1.095 
2456972.46641 -5.3075 0.0427 -2.8887 0.0052 -6.4489 0.0978 -5.5838 0.0445 -5.5367 0.0419 2.4188 0.0430 -1.1414 0.1067 -0.2763 0.0617 -0.2292 0.0598 -3.5602 0.0979 -2.6951 0.0448 -2.6480 0.0422 0.8651 0.1074 0.9122 0.1064 0.0471 0.0611 0.00334 1.094 
2456972.46698 -5.3254 0.0434 -2.8622 0.0052 -6.2299 0.0788 -5.5986 0.0463 -5.5856 0.0460 2.4632 0.0437 -0.9045 0.0900 -0.2732 0.0635 -0.2602 0.0632 -3.3677 0.0790 -2.7364 0.0466 -2.7234 0.0463 0.6313 0.0914 0.6443 0.0912 0.0130 0.0653 0.00334 1.093 
2456972.46758 -5.3009 0.0405 -2.8885 0.0052 -6.2292 0.0811 -5.5559 0.0440 -5.5613 0.0431 2.4124 0.0408 -0.9283 0.0907 -0.2550 0.0598 -0.2604 0.0591 -3.3407 0.0813 -2.6674 0.0443 -2.6728 0.0434 0.6733 0.0923 0.6679 0.0918 -0.0054 0.0616 0.00334 1.092 
2456972.46814 -5.2851 0.0398 99.9999 9.9999 99.9999 9.9999 -5.6193 0.0475 -5.5722 0.0458 99.9999 9.9999 99.9999 9.9999 -0.3342 0.0620 -0.2871 0.0607 99.9999 9.9999 99.9999 9.9999 99.9999 9.9999 99.9999 9.9999 99.9999 9.9999 0.0471 0.0660 0.00334 1.091 
2456972.46871 -5.3045 0.0430 -2.8922 0.0052 -6.3426 0.0883 -5.5710 0.0445 -5.6131 0.0468 2.4123 0.0433 -1.0381 0.0982 -0.2665 0.0619 -0.3086 0.0636 -3.4504 0.0884 -2.6788 0.0448 -2.7209 0.0471 0.7716 0.0989 0.7295 0.0999 -0.0421 0.0646 0.00334 1.090 
2456972.46927 -5.3377 0.0441 -2.9142 0.0054 -6.3160 0.0870 -5.5853 0.0456 -5.5075 0.0421 2.4235 0.0444 -0.9783 0.0975 -0.2476 0.0634 -0.1698 0.0610 -3.4018 0.0872 -2.6711 0.0459 -2.5933 0.0424 0.7307 0.0982 0.8085 0.0967 0.0778 0.0621 0.00334 1.089 
2456972.46988 -5.3238 0.0443 -2.8828 0.0054 -6.3891 0.0949 -5.5854 0.0469 -5.5946 0.0503 2.4410 0.0446 -1.0653 0.1047 -0.2616 0.0645 -0.2708 0.0670 -3.5063 0.0950 -2.7026 0.0472 -2.7118 0.0506 0.8037 0.1059 0.7945 0.1074 -0.0092 0.0688 0.00334 1.088 
2456972.47045 -5.3108 0.0441 99.9999 9.9999 -6.3964 0.1002 -5.6212 0.0486 -5.5491 0.0473 99.9999 9.9999 -1.0856 0.1095 -0.3104 0.0656 -0.2383 0.0647 99.9999 9.9999 99.9999 9.9999 99.9999 9.9999 0.7752 0.1114 0.8473 0.1108 0.0721 0.0678 0.00334 1.087 
2456972.47101 -5.3530 0.0470 -2.8826 0.0056 -6.3190 0.0955 -5.5151 0.0473 -5.5776 0.0509 2.4704 0.0473 -0.9660 0.1064 -0.1621 0.0667 -0.2246 0.0693 -3.4364 0.0957 -2.6325 0.0476 -2.6950 0.0512 0.8039 0.1066 0.7414 0.1082 -0.0625 0.0695 0.00334 1.086 