1124.509439372 12.027817  0.059005
1124.512056705 12.067334  0.057593
1124.515139878 12.028228  0.055777
1124.523462058 12.065363  0.080197
1124.526545231 12.043830  0.065986
1271.363690022 12.784257  0.143829
1271.365554797 12.763688  0.105675
1271.370205884 12.737049  0.128114
1271.372067766 12.754995  0.131549
1271.376730427 12.453439  0.095380
1271.378593755 12.711924  0.118626
1271.383256417 12.681785  0.097403
1271.385122638 12.369843  0.085043
1271.390458008 12.486382  0.099399
1271.393360034 12.435134  0.101500
1271.396939150 12.404200  0.072899
1271.403420293 12.633116  0.112959
1271.409901436 12.632778  0.102683
1271.497674640 12.249369  0.084487
1271.500576667 12.280240  0.090915
1271.504155784 12.242274  0.074099
1271.510636929 12.236712  0.072417
1271.517118074 12.220898  0.079624
1271.520020101 12.147792  0.097054
1271.524422382 12.151695  0.082280
1271.526287158 12.157250  0.057233
1271.527324409 12.158978  0.104904
1271.530938248 12.085998  0.086199
1271.532800130 12.149632  0.077565
1271.537462793 12.160507  0.072589
1271.539326123 12.281631  0.079501
1271.543988786 12.144377  0.075023
1271.545855008 12.144546  0.076444
1477.423250596 12.232779  0.065458
1477.425899767 12.191599  0.078557
1477.429022012 12.237859  0.064051
1477.431672631 12.219523  0.076992
1477.434784748 12.236146  0.062949
1477.437429579 12.141591  0.069374
1477.440541697 12.192104  0.054989
1477.443190869 12.199946  0.070962
1591.640953250 12.242067  0.056039
1591.642724033 12.229301  0.049398
1591.643756977 12.249757  0.076883
1591.647172690 12.225293  0.053561
1591.648942027 12.222249  0.068833
1591.649976418 12.240648  0.094381
1591.653390684 12.232280  0.052032
1591.655149894 12.207532  0.052729
1591.656179945 12.217112  0.071673
1591.659594211 12.206105  0.074043
1591.661353420 12.210615  0.066215
1591.662383472 12.298328  0.089297
1591.665797738 12.216404  0.047821
1591.667556948 12.026226  0.044033
1591.668586999 12.287266  0.094452
1591.672001265 12.002572  0.049626
1591.673760475 12.005416  0.051861
1591.674790526 12.025885  0.086242
1591.765624190 12.208327  0.054760
1591.767449948 12.216896  0.057046
1591.768495914 12.233419  0.087589
1591.772030259 12.211607  0.059485
1591.773864698 12.190433  0.064580
1591.774912110 12.198660  0.081882
1591.778453688 12.201309  0.069833
1591.780288127 12.218175  0.060327
1591.781332646 12.198542  0.096137
1591.784869885 12.207977  0.070744
1591.786704324 12.229956  0.060904
1591.787750289 12.260742  0.079469
1591.791288974 12.230561  0.064279
1591.793123414 12.209622  0.053333
1591.794170826 12.224335  0.084397
1591.797712405 12.214362  0.051483
1591.799546844 12.234879  0.044608
1591.800591363 12.069904  0.072739
1591.807204325 12.086315  0.044533
1591.810048562 12.028767  0.063607
1591.813510571 12.078449  0.041498
1591.816356254 12.159368  0.059832
1591.819821157 12.196143  0.049146
1591.822668287 12.202599  0.093362
1591.826133190 12.160157  0.046209
1591.828973087 12.159657  0.072667
1591.832443776 12.174850  0.040814
1591.835280780 12.121271  0.060930
1591.838741343 12.175663  0.047642
1591.841582686 12.163298  0.073421
1591.973588554 12.098042  0.043165
1591.976432792 12.091622  0.070167
1591.979894802 12.080607  0.044570
1591.982740487 12.146671  0.071511
1591.986205390 12.169399  0.039182
1591.989052522 12.131587  0.059314
1591.992517425 12.177653  0.047844
1591.995357323 12.209827  0.076714
1591.997551993 11.953680  0.097534
1591.998828014 12.154548  0.039598
1592.001665018 12.153278  0.076035
1592.005125582 12.166132  0.040951
1592.007966926 12.051728  0.067306
1592.015154238 12.282110  0.104666
1592.016979998 12.277037  0.066865
1592.018025964 12.278609  0.104409
1592.021560310 12.270968  0.064390
1592.023394750 12.274064  0.065433
1592.024442163 12.246321  0.092200
1592.027983743 12.241764  0.069026
1592.029818183 12.262392  0.075524
1592.030862702 12.145378  0.094108
1592.034399942 12.274404  0.063414
1592.036234382 12.267061  0.076491
1592.037280348 12.295982  0.099583
1592.040819035 12.258885  0.076489
1592.042653475 12.113320  0.053994
1592.047242468 12.007026  0.080325
1592.049076908 12.071794  0.050789
1592.050121427 12.254168  0.097880
1592.140013339 12.253140  0.053149
1592.141784124 12.214466  0.043881
1592.142817070 12.242926  0.071905
1592.146232786 12.215500  0.066132
1592.148002124 12.205918  0.054515
1592.149036516 12.236375  0.072594
1592.152450786 12.219741  0.049448
1592.154209996 12.237798  0.058723
1592.155240049 12.243623  0.065962
1592.158654318 12.226706  0.055124
1592.160413529 12.215907  0.053594
1592.161443582 12.237107  0.080172
1592.164857851 12.210761  0.045975
1592.166617062 12.209222  0.060582
1592.167647115 12.207681  0.071194
1592.171061384 12.089097  0.055894
1592.172820595 12.081856  0.046174
1592.173850648 12.229386  0.074305
1597.589624042 12.040726  0.049825
1597.592327932 12.068342  0.062853
1597.595559899 12.062990  0.055863
1597.598262343 12.031075  0.077981
1597.604188073 11.978914  0.071382
1597.607411360 12.030253  0.055711
1597.610113803 12.023056  0.055885
1597.613337090 12.027935  0.037742
1597.616039534 12.045543  0.069570
1597.619262821 12.013765  0.029680
1597.621965264 12.027684  0.074351
1597.625188551 12.025900  0.031129
1597.714444880 12.030380  0.040695
1597.716327052 12.036611  0.037441
1597.717391819 12.080555  0.078969
1597.721044780 12.043637  0.040093
1597.722926952 12.040961  0.035632
1597.723993165 12.076228  0.063564
1597.727643233 12.022294  0.043795
1597.729525405 12.040808  0.035744
1597.730594512 12.068582  0.071309
1597.734241686 12.027107  0.037892
1597.736123858 12.041923  0.032977
1597.737185732 12.005955  0.064154
1597.740832906 12.049307  0.042775
1597.742715078 12.063741  0.035470
1597.743779845 12.107680  0.056317
1597.747432806 12.051286  0.033555
1597.749314978 12.052399  0.035489
1597.750381192 12.035964  0.050042
1597.797572954 12.033509  0.084646
1597.800456238 12.006941  0.099530
1597.803916787 12.050143  0.089778
1597.806800071 12.028845  0.073824
1597.810260620 12.052084  0.074695
1597.813152584 12.048325  0.085381
1597.816617473 12.055412  0.085513
1597.819500757 11.999927  0.102998
1597.822961306 12.045171  0.079369
1597.825841697 12.011710  0.089701
1597.829302246 12.041797  0.084467
1597.832185530 12.083733  0.098058
1597.880810993 12.023478  0.082249
1597.883694277 12.012910  0.065527
1597.887154826 11.972900  0.047814
1597.890038111 11.947904  0.064848
1597.893498661 11.880979  0.035092
1597.899855515 12.059442  0.080093
1597.902738800 12.109962  0.083183
1597.904942139 11.962860  0.102439
1597.906199349 12.082577  0.084970
1597.909079740 11.980691  0.073116
1597.912540290 12.077019  0.071144
1597.915423575 12.051133  0.098200
1597.922401083 12.044515  0.060904
1597.924221047 12.060039  0.056990
1597.925282921 12.055576  0.090005
1597.928799892 12.035914  0.059821
1597.930624197 12.048860  0.054032
1597.931688964 12.037688  0.079481
1597.935204489 12.035876  0.055824
1597.937027346 12.031940  0.058170
1597.938090667 12.065963  0.072001
1597.941597511 12.039667  0.059471
1597.943418922 12.053850  0.064385
1597.947997768 12.040197  0.065763
1597.949820626 12.027035  0.060872
1597.950882499 11.988625  0.074475
1597.954395131 12.039702  0.069455
1597.956222329 12.063396  0.062054
1597.957287096 12.027255  0.064981
1597.963973815 12.027977  0.037388
1597.965855988 12.048632  0.033438
1597.966920755 12.002424  0.067636
1597.970573718 12.047541  0.031382
1597.972455891 12.051765  0.036286
1597.973522105 12.036859  0.065673
1597.975812248 11.971311  0.088563
1597.977172175 12.053754  0.035819
1597.979054348 12.035148  0.036586
1597.980123455 11.989451  0.060209
1597.983770631 12.069433  0.046804
1597.990361854 12.048091  0.039659
1597.992244027 12.022718  0.042430
1597.993308795 12.072330  0.075803
1597.996961757 12.038441  0.042935
1597.998843931 12.030494  0.046064
1597.999910145 12.096331  0.077259
1598.088774494 12.048988  0.047856
1598.091478387 12.046225  0.073022
1598.094710357 12.022659  0.045363
1598.097412803 12.015002  0.082968
1598.100636093 12.045336  0.053284
1598.103338540 11.990686  0.063815
1598.106561829 12.042918  0.050419
1598.109264276 12.074019  0.063291
1598.112487566 12.047954  0.049854
1598.115190013 12.069930  0.079439
1598.118413302 12.047914  0.050117
1598.121115749 12.037770  0.068205
1598.124339039 12.034373  0.049286
1600.074460883 12.045341  0.040940
1600.077154633 12.028953  0.058203
1600.080405395 12.017753  0.049335
1600.083106379 12.092442  0.071662
1600.086355695 12.028608  0.038605
1600.092297314 12.076030  0.045770
1600.094992511 12.043587  0.072915
1600.098238934 12.058406  0.040580
1600.104182001 12.082504  0.040045
1600.110126514 12.055183  0.040570
1600.199281226 12.057423  0.051694
1600.201122883 12.036902  0.035648
1600.202197771 12.080189  0.061646
1600.205778385 12.054238  0.035196
1600.207630169 12.058120  0.048218
1600.208706504 12.069453  0.064033
1600.212284224 12.063923  0.036583
1600.214134562 12.025218  0.048114
1600.215208003 12.078514  0.091971
1600.218792958 12.040796  0.039487
1600.220643295 12.025212  0.032819
1600.221716737 12.106994  0.068693
1600.225290117 12.036651  0.040894
1600.227140455 12.046247  0.037131
1600.228215343 12.034005  0.065000
1600.231795957 12.057033  0.039529
1600.233647742 12.019413  0.047887
1600.234724077 12.115303  0.071478
1600.240843661 12.110400  0.075381
1600.243737060 12.141404  0.094304
1600.247251126 12.098990  0.079706
1600.250145971 12.094894  0.088253
1600.253651357 12.050791  0.073719
1600.256547649 12.050354  0.078900
1600.260060269 12.130496  0.064089
1600.262952221 12.033132  0.084575
1600.266464840 12.102197  0.066591
1600.269356793 12.114161  0.085479
1600.272869412 12.088107  0.073927
1600.275761365 12.132768  0.100949
1600.282400318 12.110364  0.089810
1600.285296611 12.086095  0.107387
1600.288713748 12.124278  0.082423
1600.291611488 12.110518  0.106808
1600.295027178 12.108394  0.088254
1600.301350735 12.099470  0.089752
1600.304262942 12.157084  0.107544
1600.307678632 12.142916  0.077249
1600.310586499 12.144410  0.098254
1600.314007977 12.117136  0.080446
1600.316917290 12.218296  0.101678
1600.365638071 11.979747  0.037769
1600.368534365 11.960445  0.071016
1600.371951503 12.053353  0.054271
1600.374849243 12.043239  0.080760
1600.378264935 12.003910  0.067889
1600.381174249 12.014644  0.086735
1600.384588494 12.068861  0.077299
1600.387500702 11.988384  0.082012
1600.390916393 12.073790  0.076212
1600.393824261 12.095489  0.092510
1600.397245739 12.019962  0.069204
1600.400155054 12.054316  0.089411
1600.407226576 12.116659  0.094421
1600.413634045 12.140121  0.086703
1600.416528892 12.122928  0.089936
1600.420034280 12.118016  0.090238
1600.422930575 12.143228  0.101691
1600.426443196 12.130351  0.090264
1600.429335150 12.168731  0.105192
1600.432847772 12.124428  0.100746
1600.435739726 12.046053  0.107966
1600.439252347 12.117460  0.087402
1600.442144302 12.152027  0.081957
1600.448809300 12.064371  0.045521
1600.450650959 12.040290  0.043630
1600.451725849 12.055181  0.066981
1600.455306466 12.035523  0.037745
1600.457158252 12.050666  0.043786
1600.458234588 12.061862  0.072419
1600.461812311 12.040431  0.044882
1600.463662651 12.069763  0.044568
1600.464736094 12.066888  0.060311
1600.468321051 12.072621  0.043879
1600.470171390 12.061679  0.041967
1600.471244833 12.001814  0.074151
1600.474818217 12.043095  0.039172
1600.476668556 12.050407  0.044058
1600.477743446 12.010800  0.079259
1600.481324063 12.055538  0.041901
1600.483175849 12.055606  0.062657
1600.484252186 12.076264  0.064909
1602.117261299 12.568505  0.056367
1602.119955064 12.715296  0.090255
1602.123175459 12.622378  0.073227
1602.125869225 12.677180  0.100854
1602.129083833 12.654571  0.061294
1602.131779045 12.730978  0.103547
1602.134989314 12.661617  0.082994
1602.140897688 12.654482  0.065003
1602.146807508 12.703754  0.083248
1602.152711542 12.767715  0.101168
1602.310602890 12.543383  0.046866
1602.313531024 12.574958  0.101852
1602.317162287 12.323019  0.039853
1602.320088975 12.507754  0.080584
1602.323718792 12.499070  0.049408
1602.330275296 12.482727  0.055297
1602.333203430 12.519739  0.088685
1602.336837587 12.492108  0.045748
1602.343391198 12.260488  0.051497
1602.898359536 12.170360  0.069410
1602.904836411 12.172133  0.075516
1602.907728347 12.228365  0.105620
1602.911304607 12.107632  0.054834
1602.914195096 12.170904  0.084264
1602.917785823 12.102321  0.063784
1602.924267040 12.152294  0.062093
1602.930748258 12.117888  0.064452
1602.933638748 12.168261  0.094949
1603.064599975 12.069744  0.031429
1603.067295165 12.032815  0.061574
1603.070486607 12.090445  0.028469
1603.073177458 12.221787  0.056326
1603.076364559 12.107107  0.040906
1603.079058304 12.161577  0.060699
1603.082245405 12.075311  0.037047
1603.084936256 12.065166  0.049863
1603.088123358 12.070531  0.037374
1603.090817103 12.075319  0.050793
1603.094004205 12.082595  0.042769
1603.096695056 12.073764  0.060301
1603.099882158 12.086126  0.037154
1604.640915170 12.083701  0.070706
1604.643566972 12.092559  0.073852
1604.646706343 12.086352  0.070049
1604.649359592 12.124995  0.077461
1604.652490284 12.087533  0.075598
1604.655140639 12.098740  0.072362
1604.658280011 12.084395  0.070358
1604.660933260 12.056468  0.097633
1604.664063952 12.079748  0.079423
1604.666714307 12.121517  0.092321
1604.669853679 12.246901  0.066947
1604.672506928 12.182980  0.079768
1604.675637619 12.204619  0.049703
1604.678287975 12.085902  0.055635
1604.807338743 12.052181  0.081163
1604.810291462 12.039344  0.077549
1604.813957436 12.071935  0.097610
1604.816914495 12.149811  0.077529
1604.820579023 12.070733  0.081329
1604.823531741 12.075603  0.087542
1604.827197716 12.154846  0.074162
1604.830154775 12.101381  0.082416
1604.833819302 12.063809  0.067307
1604.836772021 12.053869  0.061177
1604.840437996 12.141642  0.095611
1604.843395054 12.170500  0.090562
1604.973629269 12.157425  0.099209
1604.976581989 12.117450  0.087467
1604.980247964 12.143880  0.095038
1604.983205024 12.118415  0.081189
1604.986869553 12.152781  0.085575
1604.989822272 12.176274  0.099019
1604.993488248 12.140537  0.085873
1604.996445308 12.198438  0.075662
1605.000109837 12.109474  0.093057
1605.003062556 12.214202  0.077566
1605.006728532 12.175092  0.102224
1605.009685592 12.205005  0.091548
1606.412623958 12.082939  0.036271
1606.415282980 12.075584  0.060251
1606.418402087 12.073057  0.041739
1606.421064003 12.151434  0.055727
1606.424190343 12.074006  0.051764
1606.426847919 12.097206  0.050510
1606.429975705 12.041008  0.047413
1606.432637622 12.088189  0.067560
1606.435763962 12.071401  0.065661
1606.438421538 12.047348  0.067078
1606.441549325 12.055692  0.048722
1606.444211241 12.095321  0.062631
1606.447337581 12.081007  0.046453
1606.449995157 12.081229  0.071970
1606.579030930 12.103143  0.072656
1606.582003889 12.059848  0.062660
1606.585697338 12.141363  0.048477
1606.588670297 12.145025  0.070606
1606.592363745 12.129701  0.056758
1606.595336704 12.140539  0.075332
1606.599030153 12.112873  0.077199
1606.602003112 12.170468  0.081134
1606.605696561 12.138008  0.073968
1606.608669520 12.123323  0.083760
1606.612362969 12.118522  0.064696
1606.615335928 12.180037  0.089121
1606.745320793 12.124114  0.089480
1606.748269159 12.122963  0.083207
1606.751906188 12.040519  0.070814
1606.754847320 12.031877  0.064994
1606.758493029 12.075025  0.058132
1606.761437055 12.042020  0.068097
1606.765087104 12.080858  0.055433
1606.768038364 12.088577  0.079553
1606.771684073 12.062053  0.054491
1606.774628099 11.988032  0.063629
1606.778278148 12.083936  0.049824
1606.781230854 12.110247  0.051820
1606.911678710 12.084175  0.045394
1606.914337737 12.133318  0.075179
1606.917456846 12.079638  0.040577
1606.920118766 12.151256  0.057552
1606.923245109 12.064483  0.041612
1606.925902689 12.095928  0.094167
1606.929030479 12.064695  0.047698
1606.931692399 12.113131  0.082792
1606.934818742 12.079036  0.042401
1606.937476322 12.073609  0.061052
1606.940604112 12.079930  0.046777
1606.943266032 12.108452  0.062045
1606.946392375 12.073803  0.057065
1608.876714440 12.021009  0.037610
1608.879358979 12.123253  0.070940
1608.882482411 12.132283  0.045923
1608.885132737 12.116421  0.063634
1608.888254722 12.096678  0.051229
1608.890900708 12.065446  0.058396
1608.894021247 12.088713  0.041387
1608.896673021 12.185086  0.068038
1608.899796453 12.079893  0.040448
1608.902446780 12.121807  0.074080
1608.908214753 12.079554  0.086384
1608.911335293 12.078985  0.057173
1608.913987067 12.136845  0.071643
1609.043087365 12.090118  0.053874
1609.046060310 12.073027  0.069180
1609.049729152 12.110451  0.059079
1609.052693417 12.094214  0.075428
1609.056353579 12.110524  0.062102
1609.062978006 12.128984  0.065673
1609.065946611 12.106333  0.076514
1609.069608220 12.139467  0.070353
1609.076234094 12.107478  0.055160
1609.079207040 12.157606  0.071638
1609.209376612 12.141220  0.093490
1609.212349561 12.135166  0.106390
1609.216018406 12.139296  0.108954
1609.218982674 12.147944  0.105609
1609.222642839 12.155718  0.113163
1609.229267273 12.063365  0.059752
1609.232235881 12.230329  0.076560
1609.235897493 12.171619  0.071906
1609.238857422 12.144746  0.081911
1609.242523374 12.114940  0.096483
1609.245496323 12.099762  0.095046
1609.375582089 12.035829  0.039184
1609.378226639 12.060644  0.050480
1609.381350080 12.029435  0.035351
1609.384000417 12.092677  0.062708
1609.387122412 12.026821  0.037942
1609.389768409 12.055427  0.105557
1609.392888957 12.021114  0.040172
1609.395540740 12.087431  0.059112
1609.398664182 12.037745  0.052126
1609.401314519 12.037624  0.067593
1609.404436514 12.051093  0.046899
1609.407082511 12.036075  0.073614
1609.410203059 12.025193  0.029252
1609.412854843 12.028179  0.052250
1610.957741825 12.064126  0.075663
1610.960410979 12.108239  0.091473
1610.963650165 12.060136  0.078186
1610.966325106 12.095801  0.107224
1610.969564292 12.073513  0.077128
1610.972234893 12.055628  0.096296
1610.975469739 12.066346  0.083485
1610.978146126 12.086255  0.101281
1610.981383866 12.055941  0.088165
1610.984061700 12.029044  0.091220
1610.987305227 12.078367  0.070209
1610.989987401 12.070240  0.069951
1610.993230928 12.062659  0.067231
1611.124023143 12.145899  0.071753
1611.126910750 12.101546  0.083958
1611.130447958 12.105755  0.064201
1611.133325439 12.142506  0.084424
1611.136861201 12.214217  0.071003
1611.139744468 12.173882  0.084560
1611.143277336 12.237794  0.073424
1611.146162050 12.147201  0.087974
1611.149697812 12.184201  0.086434
1611.152578186 12.090480  0.081050
1611.156111055 12.200483  0.087387
1611.158994322 12.155181  0.071675
1611.865179434 12.838914  0.089587
1611.871066024 12.864177  0.096608
1611.876935254 12.855806  0.082332
1611.882824739 12.837776  0.065583
1611.885483740 12.457190  0.073071
1611.888693970 12.522135  0.066956
1611.891350079 12.487104  0.093304
1611.894583455 12.851859  0.077109
1611.897242458 12.463530  0.105665
1611.900452688 12.508956  0.062549
1613.411881689 12.109571  0.095272
1613.414581216 12.229639  0.107545
1613.417811715 12.108691  0.104301
1613.420522815 12.076880  0.082703
1613.423750420 12.003058  0.055564
1613.426460074 12.071898  0.066591
1613.429693466 12.020364  0.050326
1613.432401673 12.090523  0.094123
1613.435629278 12.032026  0.043256
1613.438343272 12.090783  0.072831
1613.441579558 12.031935  0.051337
1613.444286318 12.108613  0.073254
1613.447516817 12.041308  0.045772
1613.947600926 12.252697  0.099322
1613.950300455 12.268418  0.098862
1613.953530957 12.216335  0.091720
1613.959469668 12.253502  0.098361
1613.965412720 12.217475  0.095297
1613.971348538 12.241600  0.099086
1613.974052408 12.240742  0.093502
1613.977282910 12.235017  0.090401
1613.983220175 12.267367  0.102394
1615.853924633 12.085424  0.063699
1615.856566284 12.029105  0.080408
1615.859647766 12.067355  0.061201
1615.862292310 12.243367  0.088598
1615.865372346 12.075414  0.066849
1615.868022676 12.081793  0.080434
1615.871112839 12.053807  0.058692
1615.873763170 12.043115  0.065950
1615.876853332 12.063821  0.050228
1615.879503663 12.025291  0.073979
1615.882593825 12.036607  0.042292
1615.885244156 12.189196  0.071433
1615.888334319 12.093014  0.070597
1615.890984650 12.102915  0.102056
1616.020205100 12.167007  0.095902
1616.023124518 12.232185  0.105530
1616.026697878 12.175470  0.106466
1616.033194996 12.154812  0.103117
1616.036111520 12.189989  0.088213
1616.039676200 12.188058  0.101961
1616.042592724 12.187262  0.106188
1616.046157404 12.172428  0.110604
1616.052638608 12.117300  0.060349
1616.055555133 12.114228  0.071748
1616.204750180 12.127805  0.063435
1616.207714446 12.163947  0.094803
1616.211376055 12.159507  0.061430
1616.214335982 12.115215  0.076019
1616.218000485 12.140837  0.055859
1616.220958964 12.164988  0.089960
1616.224620574 12.136949  0.068329
1616.227584840 12.195060  0.107800
1616.231240663 12.139147  0.078786
1616.237860753 12.108729  0.070844
1616.240825019 12.131107  0.095761
1616.406308490 12.230867  0.058197
1616.408994991 12.256041  0.090000
1616.412261653 12.086249  0.065664
1616.414959728 12.174152  0.061000
1616.418227837 12.132569  0.078835
1616.420930252 12.139981  0.070540
1616.424178107 12.139072  0.068846
1616.426864609 12.161853  0.077354
1616.430131271 12.142052  0.076213
1616.432829346 12.306068  0.090025
1616.436097455 12.128164  0.071895
1616.438799870 12.089896  0.066258
1616.442047725 12.123071  0.085493
1618.758474766 12.085200  0.046912
1618.761146793 12.079344  0.056845
1618.764345453 12.084991  0.045835
1618.767010246 12.105291  0.069997
1618.770203119 12.079322  0.043990
1618.772867912 12.084004  0.069200
1618.776062231 12.074431  0.050421
1618.778721238 12.090532  0.049821
1618.781919898 12.076552  0.043641
1618.784586137 12.077808  0.067579
1618.787777564 12.070965  0.046086
1618.790443803 12.076301  0.065474
1618.793638123 12.064514  0.041068
1618.924605955 12.134074  0.060213
1618.931214458 12.158470  0.071430
1618.934172931 12.253327  0.083055
1618.937822961 12.211616  0.068630
1618.940790114 12.125573  0.093945
1618.944437250 12.153296  0.083227
1618.947397170 12.198085  0.086992
1618.951042860 12.200388  0.072617
1618.954002780 12.195615  0.076756
1618.957644129 12.134133  0.082425
1618.960604049 12.137011  0.081387
1619.090802301 12.138343  0.066311
1619.097410806 12.236391  0.072701
1619.100369280 12.080345  0.081576
1619.104019311 12.112301  0.080791
1619.110633602 12.145307  0.087229
1619.113593523 12.169917  0.080104
1619.117239214 12.107224  0.085274
1619.120199135 12.127654  0.106955
1619.123840486 12.215706  0.077470
1619.126800407 12.162314  0.078010
1619.275516405 12.224298  0.092963
1619.278243409 12.186994  0.101457
1619.281534660 12.205463  0.089774
1619.287552915 12.234236  0.092547
1619.290279919 12.187017  0.088756
1619.293571171 12.081222  0.077299
1619.299589426 12.074540  0.074976
1619.302316430 12.108382  0.089818
1619.305607681 12.094731  0.076046
1619.308334685 12.035352  0.105682
1619.311625936 12.048797  0.050041
1621.810956859 12.121026  0.050137
1621.813861799 12.110311  0.082941
1621.817446722 12.146779  0.070010
1621.820350216 12.089664  0.064059
1621.823927906 12.233691  0.051698
1621.826831400 12.276215  0.096316
1621.830409090 12.265121  0.075475
1621.833312583 12.253062  0.073750
1621.836890273 12.234650  0.053498
1621.839793767 12.118474  0.085139
1621.843371457 12.288669  0.065467
1621.846274951 12.285364  0.081668
1621.977121121 12.114751  0.080731
1621.980004362 12.179696  0.094476
1621.983550226 12.138976  0.079640
1621.986437807 12.129673  0.082129
1621.989983670 12.124400  0.068502
1621.992866911 12.137411  0.065449
1621.996415669 12.141426  0.069518
1621.999296016 12.169985  0.093510
1622.002853454 12.118277  0.077340
1622.005736695 12.100807  0.055205
1622.009285452 12.103334  0.069962
1622.012165800 12.042912  0.076165
1622.161457358 12.108187  0.067201
1622.164430295 12.089047  0.091147
1622.168078875 12.118605  0.068486
1622.171047472 12.084216  0.097041
1622.174697499 12.151633  0.081560
1622.177670436 12.083193  0.074431
1622.181319016 12.110736  0.063795
1622.184287613 12.124412  0.062452
1622.187937640 12.127002  0.058559
1622.190910577 12.170374  0.106068
1622.194559158 12.106268  0.073068
1622.197527755 12.046174  0.099586
1622.327507442 12.236658  0.080295
1622.334157895 12.264232  0.080989
1622.337138067 12.265986  0.094518
1622.343788520 12.095466  0.087149
1622.347463142 12.113758  0.075408
1622.350440420 12.075281  0.091147
1622.354115042 12.141853  0.080430
1622.357089427 11.986175  0.085890
1622.360764049 12.100549  0.073142
1622.367413056 12.106147  0.070785
1622.370385994 12.120803  0.089882
1622.374063509 12.106100  0.068851
1622.380718303 12.249875  0.091804
1622.385226202 12.297156  0.088788
1624.782965684 12.456698  0.072025
1624.789381758 12.651060  0.091700
1624.795794940 12.630633  0.100811
1624.798702769 12.407658  0.100032
1624.802199441 12.626812  0.128288
1624.805107270 12.567586  0.107616
1624.808603942 12.589928  0.078397
1624.815008443 12.555311  0.079507
1624.949105148 12.226923  0.062018
1624.952044806 12.219805  0.086503
1624.955593559 12.220548  0.076488
1624.958525984 12.228690  0.101794
1624.962074737 12.245567  0.073857
1624.968555915 12.217542  0.074117
1624.971488340 12.291155  0.103259
1624.975037093 12.223268  0.086215
1624.977969518 12.255687  0.098639
1624.981518271 12.220900  0.081470
1624.984450696 12.204353  0.097651
1653.877056555 12.219866  0.055194
1653.880046816 12.262301  0.068303
1653.883699702 12.245617  0.046452
1653.890348637 12.121367  0.054495
1653.893337452 12.140259  0.075412
1653.897003359 12.134736  0.065026
1782.639578320 12.270718  0.048461
1782.641777437 12.238606  0.045401
1782.644830225 12.217145  0.051717
1782.647019214 12.089750  0.048052
1782.650092257 12.133152  0.068148
1782.652276907 12.320356  0.107912
1782.655334035 12.158983  0.086631
1782.657534599 12.287862  0.097678
1800.388726492 12.259993  0.073415
1800.390889451 12.284472  0.068173
1800.393881510 12.309836  0.080277
1800.396045916 12.294062  0.066525
1800.399035082 12.250602  0.080570
1800.404195888 12.247377  0.080727
1800.406357401 12.250569  0.091554
1800.409345120 12.262726  0.075205
1863.289683715 12.205733  0.054473
1863.291620974 12.251479  0.053891
1863.294178995 12.222197  0.060140
1863.296126382 12.238297  0.058956
1863.298685851 12.232359  0.067445
1863.300634684 12.226145  0.062654
1863.303192707 12.255022  0.050708
1863.305140093 12.238720  0.059645
2153.580930589 12.508443  0.126275
2153.585903280 12.448737  0.123595
2153.590871631 12.483951  0.122214
2153.595838535 12.470453  0.130761
2213.127862419 12.327817  0.090872
2213.129941471 12.307343  0.068688
2213.132770064 12.321385  0.074212
2213.134849116 12.318227  0.074432
2213.137677709 12.314090  0.083402
2213.139756762 12.299072  0.068989
2213.142585355 12.334906  0.085040
2213.144664408 12.299349  0.079254
2213.147493001 12.276656  0.078737
2402.076330290 12.353007  0.083032
2402.078404883 12.352223  0.087728
2402.083293240 12.352766  0.078328
2673.947562682 12.402604  0.088804
2673.949612719 12.379937  0.070179
2673.952357153 12.351111  0.065834
2673.954395615 12.369515  0.065028
2673.957138603 12.368101  0.080209
2673.959187192 12.370366  0.072657
2673.961930180 12.371406  0.076089
2673.963965749 12.396816  0.071944
2673.966708736 12.352350  0.077768
2673.968747199 12.360206  0.070381
2673.971490186 12.320473  0.091328
2673.973538776 12.370557  0.071071
2674.496832542 12.560498  0.103089
2674.498886921 12.541069  0.085018
2674.501666085 12.569167  0.108326
2674.503719017 12.518960  0.073762
2674.506496734 12.555227  0.076110
2674.508552559 12.532174  0.078737
2674.511341850 12.587104  0.103008
2674.513400569 12.551630  0.078802
2674.516184073 12.540898  0.081840
2674.518238452 12.571875  0.120722
2674.523070548 12.530691  0.089880
2674.530991424 12.430830  0.094840
2674.535480644 12.430360  0.102236
2674.538022543 12.431252  0.107819
2674.539972757 12.434166  0.112390
2674.544461977 12.402116  0.103352
2674.547003876 12.179651  0.099738
2674.548954090 12.413769  0.097938
2674.551509010 12.407001  0.098145
2674.553443310 12.453724  0.120224
2674.561592756 12.095995  0.056758
2674.563754194 12.094626  0.052891
2674.566750368 12.072712  0.052959
2674.568914699 12.090603  0.045475
2674.571915214 12.047235  0.059768
2674.574079545 12.086923  0.046522
2674.577068486 12.085350  0.050662
2674.579232817 12.088241  0.047317
2674.584388983 12.086884  0.052402
2674.587377923 12.127746  0.059104
2674.593859299 12.110513  0.068206
2674.595962867 12.092781  0.055638
2674.598847643 12.076166  0.056277
2674.600946871 12.097589  0.047456
2674.603831647 12.087403  0.075600
2674.605930875 12.097203  0.048245
2674.608815651 12.097179  0.095887
2674.610919220 12.102587  0.052934
2674.613798209 12.109817  0.045406
2674.615903224 12.108145  0.047201
2674.618782213 12.124799  0.058606
2675.594110311 12.098316  0.055709
2675.596297793 12.059105  0.042809
2675.599348953 12.093965  0.054659
2675.601536435 12.080039  0.045007
2675.604580361 12.099586  0.050805
2675.606769290 12.103732  0.052433
2675.612006485 12.071061  0.044878
2675.615051858 12.094464  0.057175
2675.617240787 12.093286  0.045085
2675.620289054 12.087215  0.069049
2675.622477983 12.079886  0.046834
2675.625521910 12.110355  0.059513
2675.627715179 12.077148  0.051855
2675.630760552 12.095735  0.050831
2675.632948034 12.100715  0.044816
2675.635993408 12.074525  0.062503
2675.638182337 12.107071  0.054361
2675.642752573 12.085263  0.062817
2675.644941502 12.087499  0.053717
2675.909415645 12.281824  0.098054
2675.911559727 12.250491  0.078279
2675.914516852 12.272832  0.083894
2675.916663826 12.251054  0.069374
2675.919622398 12.251826  0.086525
2675.921765033 12.267379  0.078215
2675.924733732 12.264836  0.084129
2675.926877813 12.268263  0.082508
2675.931990593 12.255809  0.077087
2675.934946272 12.259692  0.081626
2675.937094694 12.257007  0.073715
2675.940054712 12.280465  0.083551
2675.942203134 12.279564  0.081829
2675.945164599 12.250335  0.073033
2675.947311574 12.286065  0.070924
2675.952412781 12.188394  0.075304
2675.956844135 12.157783  0.065752
2675.958986769 12.178036  0.066825
2675.961955469 12.275417  0.082385
2675.964099550 12.258370  0.070774
2675.967059569 12.248578  0.103530
2675.969212331 12.238872  0.060847
2675.972168010 12.263491  0.075728
2675.974316431 12.252375  0.069808
2675.977276450 12.290887  0.081210
2675.979424872 12.260483  0.066908
2691.899268585 12.262917  0.060338
2691.901403961 12.242991  0.034751
2691.904329182 12.229228  0.059045
2691.906457324 12.265174  0.041029
2691.909385439 12.217446  0.070474
2691.911513581 12.230100  0.032772
2691.914441696 12.246599  0.072563
2691.916569838 12.249902  0.027975
2691.919499400 12.268768  0.058801
2691.921626096 12.264546  0.041651
2691.924554211 12.229610  0.057471
2692.512936939 12.292417  0.076862
2692.515021683 12.280204  0.075462
2692.517857217 12.289658  0.086082
2692.519944854 12.318610  0.072776
2692.522780388 12.311158  0.087714
2692.524872365 12.319050  0.077445
2692.527707900 12.303446  0.079518
2692.529791196 12.303763  0.068620
2692.532628177 12.309990  0.068747
2692.534717261 12.313796  0.067212
2692.537549902 12.308240  0.083022
2692.544142575 11.786013  0.101391
2692.545135029 12.042310  0.067620
2692.547229900 12.051659  0.045114
2692.550081348 12.010210  0.048301
2692.552168985 12.047346  0.049963
2692.555013200 12.007203  0.069133
2692.557105177 12.043463  0.048292
2692.559956626 12.030625  0.052103
2692.562044263 12.057452  0.051080
2692.564895711 12.031019  0.059429
2692.566983348 12.055745  0.046553
2692.569827563 12.032919  0.057441
2692.858610830 12.058454  0.060686
2692.860639153 12.037708  0.042317
2692.863366186 12.049174  0.054858
2692.865403189 12.040029  0.043827
2692.868146137 12.041894  0.060691
2692.870175906 12.041508  0.053536
2692.872902940 11.974168  0.044951
2692.874939943 11.970161  0.035381
2692.877682891 12.045392  0.053342
2692.879712660 12.138673  0.034176
2692.882439694 12.050548  0.051240
2692.884476697 12.149140  0.041784
2693.554613577 12.150366  0.044635
2693.556777893 12.102778  0.046141
2693.559782703 12.147440  0.052995
2693.561947019 12.087730  0.043126
2693.564951829 12.114282  0.044785
2693.567116146 12.092848  0.041627
2693.570120956 12.130416  0.041733
2693.572285272 12.089006  0.042231
2693.575297316 12.104612  0.053606
2693.577470312 12.094304  0.042506
2693.580482356 12.106918  0.047567
2693.586972337 12.253761  0.054282
2693.589075891 12.261820  0.045080
2693.591956284 12.267193  0.062467
2693.594059838 12.238419  0.052081
2693.596938784 12.269244  0.056221
2693.599043785 12.235060  0.043790
2693.601922730 12.081961  0.037945
2693.604027731 12.064931  0.037675
2693.606906677 12.231259  0.059644
2693.609010231 12.244066  0.049699
2693.611890624 12.204542  0.040135
3344.877422397 12.046565  0.053992
3344.879602712 12.024131  0.039381
3344.882639602 12.022263  0.049394
3344.884819917 12.033405  0.036776
3344.887862594 12.057837  0.071502
3344.890050143 12.054773  0.039294
3344.893087033 12.090978  0.043456
3344.895267348 12.069383  0.044335
3344.898304238 12.053202  0.050706
3344.900488893 12.052536  0.042551
3344.903534465 11.987591  0.053644
3344.905714779 12.026631  0.044030
3344.907670909 11.961552  0.098940
3344.908751670 12.029577  0.044822
3344.910931985 12.049199  0.040081
3344.917956290 12.330575  0.092479
3344.920004945 12.294517  0.076473
3344.922785750 12.281776  0.079103
3344.924841639 12.318167  0.078510
3344.927618103 12.354012  0.084997
3344.929675439 12.317637  0.072076
3344.932450457 12.282833  0.071903
3344.934504899 12.302748  0.077387
3344.937281364 12.342596  0.078618
3344.939337253 12.318286  0.080996
3344.942112271 12.306069  0.081139
3344.944168160 12.316158  0.083254
3344.946946071 12.317759  0.092954
3344.948999067 12.350203  0.088458
3344.951768298 12.386922  0.102815
3345.077578803 12.168502  0.061372
3345.079621671 12.220905  0.062156
3345.082392350 12.196027  0.076689
3345.084436665 12.206049  0.067305
3345.087207344 12.202865  0.062065
3345.089251660 12.200160  0.066777
3345.092022339 12.206192  0.083320
3345.094066654 12.180058  0.063712
3345.096837333 12.159491  0.068525
3345.098881648 12.209591  0.061553
3345.101652328 12.176578  0.052555
3345.103696643 12.203028  0.055248
3345.106467322 12.183265  0.064070
3345.108511638 12.184163  0.061419
3345.111282317 12.178068  0.082774
3345.117441401 12.226547  0.060330
3345.119498738 12.238184  0.051405
3345.122272311 12.044129  0.053373
3345.124329648 12.238528  0.057973
3345.127103221 12.245421  0.054744
3345.129159111 12.255494  0.064209
3345.131934131 12.268648  0.067327
3345.133990021 12.266649  0.060620
3345.136779509 12.253614  0.055650
3345.138835399 12.277101  0.062182
3345.141608972 12.051155  0.051626
3345.143666309 12.051990  0.048101
3345.146439883 12.187109  0.057418
3345.148497219 12.061080  0.050506
3345.151270793 11.985160  0.045256
3348.758623012 12.207773  0.066584
3348.760787413 12.232506  0.065861
3348.763788136 12.248015  0.059145
3348.765952537 12.235181  0.066983
3348.768957601 12.272375  0.083770
3348.771122002 12.238514  0.069467
3348.774127066 12.220600  0.072753
3348.776291467 12.236345  0.055873
3348.779300872 12.092277  0.060935
3348.781465273 12.230064  0.067686
3348.784468891 12.267413  0.079313
3348.789638356 12.268863  0.074347
3348.791802757 12.309484  0.077855
3348.794807822 12.340362  0.090720
3348.796972223 12.331597  0.078957
3348.799977288 12.347674  0.105330
3348.802141689 12.311377  0.083225
3348.805146754 12.264421  0.056673
3348.807311155 12.248344  0.069048
3348.810320560 12.230442  0.091486
3348.812484962 12.232790  0.065127
3348.815488580 12.252785  0.064512
3348.818250547 12.221497  0.076191
3348.820414949 12.273496  0.067912
3348.823420014 12.236682  0.078534
3348.828589480 12.284965  0.096378
3348.830753882 12.259510  0.073475
3348.838199220 12.322281  0.076229
3348.840352047 12.303135  0.060645
3348.843332516 12.306883  0.082742
3348.845488237 12.324670  0.062708
3348.848468707 12.358715  0.092028
3348.850625874 12.308678  0.062163
3348.853610685 12.290218  0.088532
3348.855766406 12.342274  0.062077
3348.858746875 12.297302  0.073752
3348.860904043 12.326776  0.060290
3348.863888853 12.313190  0.092324
3348.866044574 12.348000  0.070617
3348.871182212 12.331747  0.078767
3349.037945052 12.425881  0.098591
3349.040097880 12.337005  0.079517
3349.045234077 12.349917  0.075663
3349.048211658 12.414788  0.086567
3349.053347855 12.429585  0.098268
3349.055500684 12.349930  0.079964
3349.058478265 12.397868  0.096309
3349.060625306 12.355438  0.077046
3349.063598547 12.418418  0.086492
3349.065758610 12.338512  0.077364
3349.068736192 12.426727  0.087737
3349.070887574 12.382193  0.087302
3351.220457750 12.091152  0.055598
3351.222504954 12.261776  0.074276
3351.225272724 12.077768  0.054932
3351.227319928 12.287722  0.067107
3351.230087699 12.089471  0.074025
3351.232134903 12.321969  0.070778
3351.234902673 12.065361  0.067775
3351.236949877 12.198814  0.066482
3351.239717648 12.359191  0.107490
3351.241764852 12.366231  0.102848
3351.246579826 12.376846  0.100304
3351.251394801 12.387262  0.112342
3351.254162572 12.081228  0.054887
3354.552078128 12.288013  0.074438
3354.554134011 12.293015  0.078007
3354.556936501 12.342446  0.087415
3354.559008300 12.297379  0.085661
3354.561800662 12.118242  0.068061
3354.563856545 12.262672  0.088126
3354.566659035 12.281477  0.102049
3354.568730834 12.276205  0.082528
3354.571523196 12.318409  0.075457
3354.573579080 12.268393  0.084708
3354.576381570 12.266448  0.080144
3354.578453368 12.272673  0.087097
3354.581245731 12.291884  0.100262
3354.583301614 12.261060  0.083906
3354.586104104 12.004915  0.046741
3354.712022542 12.056944  0.071315
3354.714155107 12.069864  0.071324
3354.717087812 12.076674  0.071379
3354.719218931 12.071831  0.076169
3354.722147295 12.080708  0.070470
3354.724279861 12.054622  0.071877
3354.727208225 12.112083  0.081602
3354.729340790 12.066923  0.075520
3354.732273496 12.026503  0.065336
3354.734404614 11.940224  0.064841
3354.737332979 12.106236  0.079933
3354.739465544 12.074037  0.071595
3354.742393909 12.035934  0.066868
3354.744526474 12.067023  0.072226
3354.752019515 12.277758  0.074048
3354.754167995 12.262820  0.076368
3354.757112275 12.209984  0.079690
3354.759260756 12.228556  0.066340
3354.762205036 12.184503  0.079278
3354.764353516 12.193793  0.065503
3354.767297797 11.985350  0.067378
3354.769446277 12.184177  0.063904
3354.772390557 12.183170  0.088725
3354.774539038 12.193425  0.072305
3354.777483318 12.204710  0.078123
3354.779631799 12.184636  0.063150
3354.782576079 12.197401  0.082592
3354.784724560 12.204791  0.066928
3366.363244505 12.102695  0.046475
3366.365333652 12.075749  0.059282
3366.368185292 12.085068  0.054490
3366.370272993 12.078211  0.041332
3366.373120293 12.059525  0.064827
3366.375207994 12.269526  0.057312
3366.378048060 12.069511  0.072296
3366.380131420 12.282578  0.049314
3366.382967147 12.212425  0.070971
3366.385056294 12.251610  0.042286
3366.387907935 12.248305  0.069428
3366.389995635 12.098865  0.047774
3366.392842936 12.262341  0.053401
3366.394930636 12.266025  0.048988
3366.523198761 12.354678  0.085929
3366.525364589 12.422969  0.080996
3366.528369592 12.419743  0.096773
3366.530533973 12.432124  0.083776
3366.533541869 12.405259  0.090595
3366.535703357 12.415317  0.080609
3366.538708360 12.459696  0.099310
3366.540872741 12.417420  0.074041
3366.543879191 12.418734  0.074074
3366.546043572 12.458110  0.099492
3366.549048575 12.406012  0.080474
3366.551212956 12.434819  0.081760
3366.554217959 12.431271  0.090159
3366.556383787 12.463414  0.094087
3375.681296476 13.008579  0.107044
3375.683347998 13.088759  0.150731
3375.686107020 12.982268  0.106144
3375.688157096 12.984821  0.087287
3375.692971981 13.013741  0.119036
3375.697786866 12.969789  0.103219
3375.702601751 12.970568  0.107779
3375.705366561 12.917602  0.097067
3375.707416637 12.954493  0.101451
3375.710181446 12.909539  0.095312
3375.712231522 12.923814  0.103666
3375.714996332 12.861583  0.070716
3375.723545346 12.823051  0.092253
3375.728392061 12.836317  0.098664
3375.733235883 12.801360  0.094242
3375.736010820 12.826848  0.089179
3375.738066683 12.758897  0.082647
3375.742897484 12.730054  0.091061
3375.745685443 12.758604  0.091872
3375.747744200 12.745249  0.078003
3375.750532158 12.460306  0.076727
3375.752588022 12.722652  0.092733
3375.755362960 12.725676  0.105592
3375.841058703 12.427375  0.081990
3375.843130481 12.409491  0.052677
3375.845940144 12.418719  0.077629
3375.848011922 12.397373  0.056341
3375.850827372 12.370977  0.065105
3375.852899151 12.376988  0.058323
3375.855707367 12.386519  0.061049
3375.857779145 12.372390  0.055000
3375.860596042 12.356582  0.072773
3375.862667821 12.376993  0.051881
3375.865477484 12.366481  0.068949
3375.867549262 12.346844  0.057043
3375.870364713 12.328741  0.068520
3375.872436491 12.344937  0.053636
3375.875244708 12.362078  0.074162
3375.881101281 12.207889  0.055770
3375.883213570 12.300741  0.058332
3375.886117274 12.186449  0.068206
3375.888233903 12.182931  0.058991
3375.891133267 12.160014  0.060014
3375.893252790 12.324702  0.065875
3375.896163728 12.315446  0.084261
3375.898281804 12.174956  0.060746
3375.901178275 12.155070  0.075546
3375.903297797 12.168073  0.048649
3375.906194268 12.138045  0.070983
3375.908306557 12.141000  0.053177
3375.911210262 12.315221  0.069921
3375.913326891 12.144402  0.051236
3410.468040555 11.995646  0.065186
3410.470204880 11.982556  0.052447
3410.473205375 12.020531  0.064824
3410.475369700 11.908496  0.049997
3410.478365855 11.983151  0.055390
3410.480533074 11.971526  0.050347
3410.483533569 12.222321  0.073342
3410.485697894 12.228553  0.075894
3410.488699836 12.231409  0.068136
3410.490864161 12.218795  0.055312
3410.493861764 12.220424  0.077264
3410.496026088 12.224047  0.055094
3410.499029478 12.261776  0.071336
3410.501193802 12.027940  0.049429
3410.508217650 12.216847  0.095711
3410.510458652 12.271874  0.067805
3410.513622628 12.255715  0.071355
3410.515862183 12.249498  0.070904
3410.519018926 12.002471  0.060884
3410.521262821 12.271282  0.060272
3410.524421011 12.238786  0.069796
3410.526662012 12.301265  0.070594
3410.529825989 12.097863  0.055322
3410.532065544 12.064689  0.055790
3410.535222287 12.234317  0.061649
3410.537466182 12.257155  0.072120
3410.540624372 12.296219  0.074716
3410.548332542 12.061351  0.047839
3410.550596692 12.075697  0.051622
3410.553795390 12.168463  0.082272
3410.556059540 12.156968  0.057194
3410.559258238 12.076896  0.058568
3410.561522388 12.155589  0.066864
3410.564721086 12.074428  0.065720
3410.566985236 12.042170  0.058590
3410.570183934 12.105081  0.071115
3410.572448084 12.090966  0.066506
3410.575646782 12.059442  0.063117
3410.577910932 12.091936  0.056780
3410.581109631 12.087469  0.070557
3411.378514353 12.080917  0.052197
3411.380726424 12.072984  0.043856
3411.383815182 12.056094  0.056431
3411.386020019 12.056703  0.049553
3411.389117458 12.056068  0.055501
3411.391330975 12.078753  0.044723
3411.394438541 12.052616  0.053175
3411.396652058 12.136341  0.049270
3411.399740817 12.102475  0.061636
3411.401945654 12.079938  0.047509
3411.405043092 12.062361  0.057001
3411.407256610 12.073077  0.043577
3411.410364176 12.047938  0.055456
3411.753026036 12.066648  0.067184
3411.755294532 12.055069  0.052169
3411.758500483 12.065196  0.052129
3411.760776213 11.997642  0.036301
3411.763982164 12.050983  0.050734
3411.766252107 12.021906  0.042298
3411.769458059 12.045185  0.046268
3411.771730895 12.026421  0.040724
3411.774936847 12.063614  0.062524
3411.777209683 12.043234  0.044110
3411.780415635 12.039707  0.050490
3411.782689918 12.034974  0.046828
3411.785895870 12.087575  0.049530
3411.793023937 12.004910  0.059932
3411.795170908 12.038132  0.052884
3411.798129468 12.000270  0.051031
3411.800280780 12.053260  0.055727
3411.803236446 12.039180  0.056957
3411.805384864 12.048079  0.053059
3411.808344871 12.048684  0.067326
3411.810496182 12.042340  0.056160
3411.813457637 12.102186  0.069225
3411.815601714 11.985534  0.052881
3411.818561722 12.077817  0.058699
3411.820714480 12.029534  0.051128
3411.823684614 12.053217  0.090891
3411.825835926 12.024653  0.055436
3411.833037764 12.018251  0.062631
3411.835294687 12.063106  0.047502
3411.838474599 12.050821  0.070927
3411.840731523 12.071608  0.049566
3411.843918668 12.077582  0.067997
3411.846175592 12.037198  0.046363
3411.849358398 12.058669  0.064506
3411.851618214 12.072990  0.055372
3411.854801020 12.102237  0.058409
3411.857057944 12.051776  0.048236
3411.860239303 12.072964  0.069721
3411.862496227 12.067459  0.049702
3411.865680480 12.079787  0.060061
3414.501378254 12.341324  0.103589
3414.503541134 12.285600  0.088994
3414.506535847 12.369745  0.100907
3414.508698727 12.303802  0.087224
3414.511686207 12.329065  0.104940
3414.513849087 12.292004  0.089137
3414.518998000 12.301356  0.091523
3414.521989820 12.299684  0.103221
3414.524154147 12.271862  0.093755
3414.527148861 12.312513  0.074566
3414.529311741 12.281101  0.081458
3414.532302115 12.350479  0.092277
3414.534460655 12.304030  0.083305
3414.541525022 12.385566  0.091552
3414.543816661 12.334849  0.062757
3414.547070340 12.444497  0.082212
3414.549357639 12.342408  0.069758
3414.552611318 12.385668  0.080430
3414.554897170 12.338259  0.066280
3414.558152296 12.369403  0.062078
3414.560448276 12.335477  0.064640
3414.563688935 12.374721  0.079596
3414.565979127 12.329694  0.073876
3414.569228466 12.364614  0.075575
3414.571520106 12.330836  0.067409
3414.574769445 12.392575  0.073442

+2451544.5

usunac ostatnia kolumne
