JD V-C s1 V-C1 s2 V-C2 s3 C-C1 s4 C-C2 s5 C1-C2 s6 HELCOR AIRMASS 
Aperture: 5, Filter: V, JD: geocentric
2457070.40602 -2.1990 0.0102 -1.7723 0.0072 -1.5023 0.0059 0.4267 0.0121 0.6967 0.0115 0.2700 0.0089 0.00239 1.121 
2457070.40654 -2.2054 0.0103 -1.7811 0.0073 -1.5249 0.0061 0.4243 0.0123 0.6805 0.0116 0.2562 0.0091 0.00239 1.121 
2457070.40708 -2.2099 0.0103 -1.7882 0.0074 99.9999 9.9999 0.4217 0.0124 99.9999 9.9999 99.9999 9.9999 0.00239 1.122 
2457070.40760 -2.2126 0.0099 -1.7814 0.0072 -1.5032 0.0061 0.4312 0.0119 0.7094 0.0113 0.2782 0.0090 0.00239 1.123 
2457070.40814 -2.1978 0.0099 -1.7860 0.0073 -1.5034 0.0059 0.4118 0.0120 0.6944 0.0112 0.2826 0.0090 0.00239 1.124 
2457070.40867 -2.1972 0.0100 -1.7827 0.0073 -1.5070 0.0061 0.4145 0.0121 0.6902 0.0114 0.2757 0.0092 0.00239 1.125 
2457070.40919 -2.2068 0.0100 -1.7790 0.0073 -1.5089 0.0060 0.4278 0.0120 0.6979 0.0113 0.2701 0.0090 0.00239 1.126 
2457070.40999 -2.2075 0.0100 -1.7870 0.0073 -1.5112 0.0060 0.4205 0.0120 0.6963 0.0113 0.2758 0.0090 0.00238 1.128 
2457070.41053 -2.1942 0.0103 -1.7668 0.0073 -1.4983 0.0060 0.4274 0.0123 0.6959 0.0116 0.2685 0.0090 0.00238 1.129 
2457070.41105 -2.2159 0.0104 -1.7843 0.0075 -1.5162 0.0062 0.4316 0.0125 0.6997 0.0118 0.2681 0.0094 0.00238 1.130 
2457070.41159 -2.1847 0.0100 -1.7750 0.0076 -1.4986 0.0059 0.4097 0.0122 0.6861 0.0113 0.2764 0.0092 0.00238 1.131 
2457070.41212 -2.2087 0.0103 -1.7731 0.0074 -1.4970 0.0061 0.4356 0.0123 0.7117 0.0116 0.2761 0.0092 0.00238 1.132 
2457070.41265 -2.1947 0.0102 -1.7729 0.0072 -1.4991 0.0061 0.4218 0.0121 0.6956 0.0116 0.2738 0.0090 0.00238 1.133 
2457070.41318 -2.1795 0.0101 -1.7857 0.0074 -1.5080 0.0061 0.3938 0.0122 0.6715 0.0115 0.2777 0.0092 0.00238 1.134 
2457070.41371 -2.2005 0.0104 -1.7856 0.0075 -1.4982 0.0061 0.4149 0.0125 0.7023 0.0117 0.2874 0.0093 0.00238 1.135 
2457070.41425 -2.1982 0.0099 -1.7726 0.0073 -1.5110 0.0060 0.4256 0.0120 0.6872 0.0113 0.2616 0.0090 0.00238 1.136 
2457070.41478 -2.1924 0.0099 -1.7725 0.0072 -1.5195 0.0060 0.4199 0.0119 0.6729 0.0113 0.2530 0.0089 0.00238 1.137 
2457070.41531 -2.2195 0.0100 -1.7773 0.0073 -1.5053 0.0059 0.4422 0.0120 0.7142 0.0113 0.2720 0.0090 0.00238 1.138 
2457070.41585 -2.2178 0.0102 -1.7672 0.0072 -1.5021 0.0060 0.4506 0.0121 0.7157 0.0115 0.2651 0.0089 0.00238 1.139 
2457070.41638 -2.1990 0.0099 -1.7771 0.0073 -1.5171 0.0060 0.4219 0.0120 0.6819 0.0113 0.2600 0.0090 0.00238 1.140 
2457070.41691 -2.1867 0.0099 -1.7759 0.0073 99.9999 9.9999 0.4108 0.0120 99.9999 9.9999 99.9999 9.9999 0.00238 1.141 
2457070.41745 -2.1964 0.0103 -1.7681 0.0072 -1.5069 0.0060 0.4283 0.0122 0.6895 0.0116 0.2612 0.0089 0.00238 1.142 
2457070.41798 -2.2069 0.0102 -1.7871 0.0071 -1.5251 0.0062 0.4198 0.0121 0.6818 0.0116 0.2620 0.0090 0.00238 1.143 
2457070.41851 -2.1956 0.0101 -1.7803 0.0072 -1.4931 0.0060 0.4153 0.0121 0.7025 0.0114 0.2872 0.0089 0.00238 1.144 
2457070.41905 -2.2101 0.0103 -1.7750 0.0071 -1.5131 0.0060 0.4351 0.0122 0.6970 0.0116 0.2619 0.0089 0.00238 1.145 
2457070.41958 -2.1957 0.0103 -1.7694 0.0073 -1.4999 0.0060 0.4263 0.0123 0.6958 0.0116 0.2695 0.0090 0.00238 1.146 
2457070.42012 -2.2113 0.0104 -1.7810 0.0072 -1.4998 0.0061 0.4303 0.0123 0.7115 0.0117 0.2812 0.0090 0.00238 1.147 
2457070.42065 -2.1909 0.0105 -1.7786 0.0075 -1.5118 0.0061 0.4123 0.0126 0.6791 0.0118 0.2668 0.0092 0.00238 1.149 
2457070.42118 -2.2086 0.0101 -1.7849 0.0074 -1.4977 0.0060 0.4237 0.0122 0.7109 0.0114 0.2872 0.0091 0.00238 1.150 
2457070.42171 -2.1965 0.0102 -1.7870 0.0074 -1.5164 0.0061 0.4095 0.0123 0.6801 0.0116 0.2706 0.0092 0.00238 1.151 
2457070.42225 -2.1972 0.0102 -1.7754 0.0073 -1.5027 0.0061 0.4218 0.0122 0.6945 0.0116 0.2727 0.0091 0.00238 1.152 
2457070.42278 -2.2012 0.0103 -1.7771 0.0073 -1.4917 0.0060 0.4241 0.0123 0.7095 0.0116 0.2854 0.0090 0.00238 1.153 
2457070.42332 -2.1877 0.0101 -1.7702 0.0075 -1.4944 0.0061 0.4175 0.0122 0.6933 0.0115 0.2758 0.0092 0.00238 1.154 
2457070.42385 -2.1955 0.0101 -1.7685 0.0071 -1.5059 0.0060 0.4270 0.0120 0.6896 0.0114 0.2626 0.0089 0.00238 1.155 
2457070.42439 -2.1981 0.0104 -1.7846 0.0073 -1.5029 0.0062 0.4135 0.0124 0.6952 0.0118 0.2817 0.0092 0.00238 1.156 
2457070.42493 -2.1917 0.0101 -1.7722 0.0071 -1.4972 0.0062 0.4195 0.0120 0.6945 0.0115 0.2750 0.0090 0.00238 1.158 
2457070.42545 -2.1928 0.0099 -1.7897 0.0076 -1.4989 0.0062 0.4031 0.0121 0.6939 0.0114 0.2908 0.0094 0.00238 1.159 
2457070.42598 -2.2032 0.0101 -1.7942 0.0076 -1.5043 0.0060 0.4090 0.0123 0.6989 0.0114 0.2899 0.0093 0.00238 1.160 
2457070.42652 -2.1980 0.0098 -1.7863 0.0072 99.9999 9.9999 0.4117 0.0118 99.9999 9.9999 99.9999 9.9999 0.00238 1.161 
2457070.42705 -2.1984 0.0102 -1.7723 0.0073 -1.5046 0.0061 0.4261 0.0123 0.6938 0.0116 0.2677 0.0092 0.00238 1.162 
2457070.42758 -2.1947 0.0101 -1.7765 0.0076 -1.4963 0.0061 0.4182 0.0123 0.6984 0.0115 0.2802 0.0093 0.00238 1.163 
2457070.42811 -2.2006 0.0103 -1.7746 0.0074 -1.4994 0.0061 0.4260 0.0123 0.7012 0.0116 0.2752 0.0092 0.00238 1.164 
2457070.42865 -2.1885 0.0100 -1.7794 0.0075 -1.5082 0.0059 0.4091 0.0122 0.6803 0.0113 0.2712 0.0092 0.00238 1.166 
2457070.42918 -2.2088 0.0104 -1.7751 0.0072 -1.5000 0.0061 0.4337 0.0123 0.7088 0.0117 0.2751 0.0090 0.00238 1.167 
2457070.42971 -2.2056 0.0103 -1.7878 0.0073 -1.5142 0.0061 0.4178 0.0123 0.6914 0.0116 0.2736 0.0091 0.00238 1.168 
2457070.43024 -2.1998 0.0099 -1.7816 0.0073 -1.5098 0.0062 0.4182 0.0120 0.6900 0.0114 0.2718 0.0092 0.00238 1.169 
2457070.43077 -2.2006 0.0103 -1.7589 0.0074 -1.4940 0.0061 0.4417 0.0124 0.7066 0.0116 0.2649 0.0092 0.00238 1.170 
2457070.43130 -2.1917 0.0101 -1.7737 0.0072 -1.4953 0.0061 0.4180 0.0121 0.6964 0.0115 0.2784 0.0090 0.00238 1.171 
2457070.43183 -2.2060 0.0106 -1.7646 0.0074 -1.4926 0.0061 0.4414 0.0126 0.7134 0.0119 0.2720 0.0092 0.00238 1.173 
2457070.43236 -2.1772 0.0104 -1.7708 0.0073 -1.4936 0.0060 0.4064 0.0124 0.6836 0.0117 0.2772 0.0090 0.00238 1.174 
2457070.43288 -2.1881 0.0098 -1.7854 0.0073 -1.5124 0.0061 0.4027 0.0119 0.6757 0.0112 0.2730 0.0091 0.00238 1.175 
2457070.43341 -2.2076 0.0099 -1.7873 0.0074 -1.5105 0.0060 0.4203 0.0121 0.6971 0.0113 0.2768 0.0092 0.00238 1.176 
2457070.43395 -2.1883 0.0098 -1.8006 0.0073 -1.5040 0.0060 0.3877 0.0119 0.6843 0.0112 0.2966 0.0091 0.00238 1.177 
2457070.43448 -2.2090 0.0102 -1.7765 0.0073 -1.4599 0.0058 0.4325 0.0122 0.7491 0.0114 0.3166 0.0089 0.00238 1.179 
2457070.43500 -2.1986 0.0158 -1.8242 0.0113 -1.5284 0.0092 0.3744 0.0190 0.6702 0.0179 0.2958 0.0140 0.00238 1.180 
2457070.43660 -2.2031 0.0140 -1.8190 0.0103 -1.4897 0.0081 0.3841 0.0170 0.7134 0.0158 0.3293 0.0126 0.00238 1.184 
2457070.43712 -2.2008 0.0101 -1.7800 0.0075 -1.4925 0.0060 0.4208 0.0122 0.7083 0.0114 0.2875 0.0092 0.00238 1.185 
2457070.43765 -2.1964 0.0101 -1.7763 0.0073 -1.4989 0.0061 0.4201 0.0122 0.6975 0.0115 0.2774 0.0092 0.00238 1.186 
2457070.43818 -2.1848 0.0103 -1.7789 0.0075 -1.4962 0.0059 0.4059 0.0124 0.6886 0.0115 0.2827 0.0091 0.00238 1.187 
2457070.43872 -2.1986 0.0098 -1.7742 0.0073 -1.4936 0.0060 0.4244 0.0119 0.7050 0.0112 0.2806 0.0091 0.00238 1.189 
2457070.43925 -2.2117 0.0103 -1.7949 0.0075 -1.5150 0.0061 0.4168 0.0125 0.6967 0.0116 0.2799 0.0093 0.00238 1.190 
2457070.43977 -2.2064 0.0103 -1.7638 0.0073 -1.4959 0.0061 0.4426 0.0123 0.7105 0.0116 0.2679 0.0091 0.00238 1.191 
2457070.44030 -2.2068 0.0102 -1.7723 0.0073 -1.5087 0.0061 0.4345 0.0122 0.6981 0.0116 0.2636 0.0091 0.00238 1.192 
2457070.44083 -2.1987 0.0103 -1.7689 0.0073 -1.5052 0.0060 0.4298 0.0123 0.6935 0.0116 0.2637 0.0090 0.00238 1.194 
2457070.44137 -2.2104 0.0102 -1.7954 0.0075 -1.5199 0.0061 0.4150 0.0123 0.6905 0.0116 0.2755 0.0092 0.00238 1.195 
2457070.44190 -2.2003 0.0100 -1.7951 0.0074 -1.5021 0.0060 0.4052 0.0122 0.6982 0.0113 0.2930 0.0092 0.00238 1.196 
2457070.44243 -2.1732 0.0101 -1.7827 0.0076 -1.5093 0.0061 0.3905 0.0123 0.6639 0.0115 0.2734 0.0093 0.00238 1.198 
2457070.44295 -2.2226 0.0109 -1.7896 0.0076 -1.5177 0.0064 0.4330 0.0130 0.7049 0.0123 0.2719 0.0095 0.00238 1.199 
2457070.44348 -2.2104 0.0105 -1.7798 0.0076 -1.5083 0.0063 0.4306 0.0126 0.7021 0.0119 0.2715 0.0094 0.00238 1.200 
2457070.44402 -2.2004 0.0101 -1.7930 0.0073 -1.5098 0.0061 0.4074 0.0122 0.6906 0.0115 0.2832 0.0092 0.00238 1.202 
2457070.44455 -2.2094 0.0105 -1.7755 0.0075 -1.4964 0.0059 0.4339 0.0126 0.7130 0.0117 0.2791 0.0091 0.00238 1.203 
2457070.44507 -2.2087 0.0105 -1.7823 0.0074 -1.5017 0.0061 0.4264 0.0125 0.7070 0.0118 0.2806 0.0092 0.00238 1.204 
2457070.44560 -2.1993 0.0099 -1.7840 0.0072 -1.5138 0.0061 0.4153 0.0119 0.6855 0.0113 0.2702 0.0090 0.00238 1.206 
2457070.44613 -2.2025 0.0103 -1.7971 0.0076 -1.4972 0.0062 0.4054 0.0125 0.7053 0.0117 0.2999 0.0094 0.00238 1.207 
2457070.44666 -2.2038 0.0101 -1.7861 0.0072 -1.5096 0.0061 0.4177 0.0121 0.6942 0.0115 0.2765 0.0090 0.00238 1.208 
2457070.44719 -2.1799 0.0102 -1.7602 0.0073 -1.4852 0.0060 0.4197 0.0122 0.6947 0.0115 0.2750 0.0090 0.00238 1.210 
2457070.44772 -2.2199 0.0102 -1.7835 0.0074 -1.5107 0.0060 0.4364 0.0123 0.7092 0.0115 0.2728 0.0092 0.00238 1.211 
2457070.44824 -2.1890 0.0101 -1.7593 0.0072 -1.5063 0.0061 0.4297 0.0121 0.6827 0.0115 0.2530 0.0090 0.00238 1.212 
2457070.44877 -2.1866 0.0099 -1.7770 0.0073 -1.4830 0.0059 0.4096 0.0120 0.7036 0.0112 0.2940 0.0090 0.00238 1.214 
2457070.44931 -2.2035 0.0104 -1.7905 0.0073 -1.5236 0.0062 0.4130 0.0124 0.6799 0.0118 0.2669 0.0092 0.00238 1.215 
2457070.44983 -2.1845 0.0099 -1.7755 0.0075 -1.4975 0.0059 0.4090 0.0121 0.6870 0.0112 0.2780 0.0091 0.00238 1.216 
2457070.45036 -2.1928 0.0100 -1.7774 0.0073 -1.4874 0.0060 0.4154 0.0121 0.7054 0.0113 0.2900 0.0091 0.00238 1.218 
2457070.45089 -2.1985 0.0102 -1.7738 0.0073 -1.5099 0.0061 0.4247 0.0123 0.6886 0.0116 0.2639 0.0092 0.00238 1.219 
2457070.45142 -2.1976 0.0100 -1.7936 0.0074 -1.5153 0.0059 0.4040 0.0122 0.6823 0.0113 0.2783 0.0091 0.00238 1.221 
2457070.45196 -2.1890 0.0102 -1.7797 0.0073 -1.5092 0.0060 0.4093 0.0122 0.6798 0.0115 0.2705 0.0090 0.00238 1.222 
2457070.45249 -2.2079 0.0101 -1.7865 0.0073 -1.5134 0.0058 0.4214 0.0121 0.6945 0.0113 0.2731 0.0089 0.00238 1.224 
2457070.45301 -2.2232 0.0102 -1.7894 0.0073 -1.5034 0.0059 0.4338 0.0122 0.7198 0.0115 0.2860 0.0090 0.00238 1.225 
2457070.45354 -2.2102 0.0100 -1.7887 0.0072 -1.5006 0.0058 0.4215 0.0120 0.7096 0.0112 0.2881 0.0088 0.00238 1.226 
2457070.45407 -2.2171 0.0103 -1.7892 0.0072 -1.5277 0.0060 0.4279 0.0122 0.6894 0.0116 0.2615 0.0089 0.00238 1.228 
2457070.45461 -2.1940 0.0103 -1.7799 0.0073 -1.5024 0.0060 0.4141 0.0123 0.6916 0.0116 0.2775 0.0090 0.00238 1.229 
2457070.45514 -2.2014 0.0104 -1.7768 0.0074 -1.5026 0.0059 0.4246 0.0124 0.6988 0.0116 0.2742 0.0090 0.00238 1.231 
2457070.45566 -2.2065 0.0104 -1.7833 0.0074 -1.5163 0.0061 0.4232 0.0124 0.6902 0.0117 0.2670 0.0092 0.00238 1.232 
2457070.45619 -2.2154 0.0104 -1.7625 0.0073 -1.5073 0.0061 0.4529 0.0124 0.7081 0.0117 0.2552 0.0091 0.00238 1.234 
2457070.45672 -2.1900 0.0102 -1.7688 0.0073 -1.4936 0.0059 0.4212 0.0123 0.6964 0.0115 0.2752 0.0090 0.00238 1.235 
2457070.45725 -2.2126 0.0102 -1.7801 0.0073 -1.5109 0.0060 0.4325 0.0122 0.7017 0.0115 0.2692 0.0090 0.00238 1.237 
2457070.45778 -2.2221 0.0101 -1.7765 0.0070 -1.5189 0.0060 0.4456 0.0120 0.7032 0.0114 0.2576 0.0088 0.00238 1.238 
2457070.45831 -2.2145 0.0098 -1.7839 0.0071 -1.5193 0.0059 0.4306 0.0118 0.6952 0.0111 0.2646 0.0088 0.00238 1.239 
2457070.45884 -2.2080 0.0097 -1.8000 0.0072 -1.5153 0.0059 0.4080 0.0117 0.6927 0.0110 0.2847 0.0089 0.00238 1.241 
2457070.45936 -2.2127 0.0098 -1.7963 0.0071 -1.5193 0.0060 0.4164 0.0118 0.6934 0.0112 0.2770 0.0089 0.00238 1.242 
2457070.45990 -2.1814 0.0099 -1.7827 0.0071 -1.5259 0.0058 0.3987 0.0118 0.6555 0.0112 0.2568 0.0087 0.00238 1.244 
2457070.46043 -2.2081 0.0099 -1.7743 0.0071 -1.5066 0.0060 0.4338 0.0118 0.7015 0.0113 0.2677 0.0089 0.00238 1.245 
2457070.46096 -2.2129 0.0103 -1.7887 0.0070 -1.5087 0.0058 0.4242 0.0121 0.7042 0.0115 0.2800 0.0087 0.00238 1.247 
2457070.46149 -2.2028 0.0102 -1.7813 0.0071 -1.5229 0.0060 0.4215 0.0121 0.6799 0.0115 0.2584 0.0089 0.00238 1.248 
2457070.46201 -2.2047 0.0103 -1.7702 0.0072 -1.5174 0.0059 0.4345 0.0122 0.6873 0.0115 0.2528 0.0089 0.00238 1.250 
2457070.46255 -2.2193 0.0100 -1.7779 0.0072 -1.5090 0.0058 0.4414 0.0120 0.7103 0.0112 0.2689 0.0088 0.00238 1.252 
2457070.46308 -2.2185 0.0101 -1.7889 0.0072 -1.5105 0.0060 0.4296 0.0121 0.7080 0.0114 0.2784 0.0089 0.00238 1.253 
2457070.46360 -2.2128 0.0105 -1.7926 0.0073 -1.5186 0.0061 0.4202 0.0125 0.6942 0.0118 0.2740 0.0091 0.00238 1.255 
2457070.46413 -2.2027 0.0101 -1.7820 0.0071 -1.5013 0.0060 0.4207 0.0120 0.7014 0.0114 0.2807 0.0089 0.00238 1.256 
2457070.46466 -2.2098 0.0102 -1.7750 0.0073 -1.5100 0.0060 0.4348 0.0122 0.6998 0.0115 0.2650 0.0090 0.00238 1.258 
2457070.46520 -2.2267 0.0102 -1.7828 0.0073 -1.5133 0.0061 0.4439 0.0123 0.7134 0.0116 0.2695 0.0092 0.00238 1.259 
2457070.46572 -2.2134 0.0103 -1.7853 0.0073 -1.5083 0.0060 0.4281 0.0123 0.7051 0.0116 0.2770 0.0091 0.00238 1.261 
2457070.46625 -2.2113 0.0105 -1.7709 0.0073 -1.5076 0.0063 0.4404 0.0125 0.7037 0.0119 0.2633 0.0092 0.00238 1.262 
2457070.46678 -2.2172 0.0103 -1.7685 0.0072 -1.5039 0.0061 0.4487 0.0122 0.7133 0.0116 0.2646 0.0090 0.00238 1.264 
2457070.46730 -2.1992 0.0101 -1.7784 0.0074 -1.4978 0.0060 0.4208 0.0122 0.7014 0.0114 0.2806 0.0091 0.00238 1.266 
2457070.46784 -2.1820 0.0100 -1.7820 0.0074 -1.5069 0.0061 0.4000 0.0121 0.6751 0.0114 0.2751 0.0092 0.00238 1.267 
2457070.46836 -2.1975 0.0104 -1.7742 0.0074 -1.5072 0.0061 0.4233 0.0124 0.6903 0.0117 0.2670 0.0092 0.00238 1.269 
2457070.46889 -2.2045 0.0103 -1.7862 0.0075 -1.4969 0.0061 0.4183 0.0124 0.7076 0.0116 0.2893 0.0092 0.00238 1.270 
2457070.46942 -2.2141 0.0106 -1.7910 0.0075 -1.5065 0.0061 0.4231 0.0127 0.7076 0.0119 0.2845 0.0093 0.00238 1.272 
2457070.46994 -2.1994 0.0104 -1.7815 0.0073 -1.5037 0.0061 0.4179 0.0124 0.6957 0.0117 0.2778 0.0091 0.00238 1.274 
2457070.47047 -2.2007 0.0105 -1.7822 0.0073 -1.5073 0.0061 0.4185 0.0125 0.6934 0.0118 0.2749 0.0091 0.00238 1.275 
2457070.47101 -2.1890 0.0103 -1.7747 0.0073 -1.4927 0.0061 0.4143 0.0123 0.6963 0.0116 0.2820 0.0091 0.00238 1.277 
2457070.47153 -2.1863 0.0106 -1.7624 0.0075 -1.5013 0.0061 0.4239 0.0126 0.6850 0.0119 0.2611 0.0092 0.00238 1.278 
2457070.47206 -2.2071 0.0106 -1.7670 0.0074 -1.5062 0.0062 0.4401 0.0126 0.7009 0.0120 0.2608 0.0092 0.00238 1.280 
2457070.47258 -2.2034 0.0103 -1.7732 0.0076 -1.5020 0.0063 0.4302 0.0125 0.7014 0.0117 0.2712 0.0094 0.00238 1.282 
2457070.47311 -2.2084 0.0103 -1.7855 0.0074 -1.5011 0.0060 0.4229 0.0123 0.7073 0.0116 0.2844 0.0091 0.00238 1.283 
2457070.47365 -2.2033 0.0104 -1.7791 0.0073 -1.5105 0.0060 0.4242 0.0124 0.6928 0.0117 0.2686 0.0091 0.00238 1.285 
2457070.47417 -2.2138 0.0103 -1.7789 0.0074 -1.4974 0.0060 0.4349 0.0124 0.7164 0.0116 0.2815 0.0092 0.00238 1.287 
2457070.47470 -2.2032 0.0104 -1.7672 0.0074 -1.5068 0.0062 0.4360 0.0124 0.6964 0.0118 0.2604 0.0092 0.00238 1.288 
2457070.47523 -2.2127 0.0106 -1.7749 0.0075 -1.5037 0.0062 0.4378 0.0126 0.7090 0.0120 0.2712 0.0093 0.00238 1.290 
2457070.47575 -2.2074 0.0101 -1.7801 0.0074 -1.5124 0.0061 0.4273 0.0122 0.6950 0.0115 0.2677 0.0092 0.00238 1.292 
2457070.47628 -2.1871 0.0102 -1.7885 0.0076 -1.4964 0.0061 0.3986 0.0124 0.6907 0.0116 0.2921 0.0094 0.00238 1.293 
2457070.47681 -2.1978 0.0105 -1.7971 0.0076 -1.5055 0.0060 0.4007 0.0126 0.6923 0.0118 0.2916 0.0093 0.00238 1.295 
2457070.47734 -2.2017 0.0104 -1.8003 0.0075 -1.4967 0.0061 0.4014 0.0125 0.7050 0.0117 0.3036 0.0092 0.00238 1.297 
2457070.47787 -2.1992 0.0103 -1.7946 0.0074 -1.5121 0.0062 0.4046 0.0123 0.6871 0.0117 0.2825 0.0092 0.00238 1.299 
2457070.47840 -2.1994 0.0107 -1.7832 0.0073 -1.5050 0.0060 0.4162 0.0126 0.6944 0.0119 0.2782 0.0090 0.00238 1.300 
2457070.47892 -2.1963 0.0102 -1.7786 0.0073 -1.5133 0.0061 0.4177 0.0122 0.6830 0.0116 0.2653 0.0091 0.00238 1.302 
2457070.47946 -2.2029 0.0105 -1.7741 0.0072 -1.5091 0.0060 0.4288 0.0124 0.6938 0.0118 0.2650 0.0089 0.00238 1.304 
2457070.47998 -2.2005 0.0107 -1.7839 0.0074 -1.5083 0.0060 0.4166 0.0127 0.6922 0.0119 0.2756 0.0092 0.00238 1.305 
2457070.48051 -2.2104 0.0102 -1.7883 0.0073 -1.5231 0.0061 0.4221 0.0122 0.6873 0.0116 0.2652 0.0091 0.00238 1.307 
2457070.48104 -2.1967 0.0104 -1.7868 0.0074 -1.5139 0.0061 0.4099 0.0124 0.6828 0.0117 0.2729 0.0092 0.00238 1.309 
2457070.48156 -2.1799 0.0106 -1.7820 0.0073 -1.5099 0.0061 0.3979 0.0125 0.6700 0.0119 0.2721 0.0091 0.00238 1.311 
2457070.48209 -2.2008 0.0104 -1.7710 0.0072 -1.5072 0.0061 0.4298 0.0123 0.6936 0.0117 0.2638 0.0090 0.00238 1.312 
2457070.48262 -2.2214 0.0106 -1.7825 0.0073 -1.5057 0.0061 0.4389 0.0125 0.7157 0.0119 0.2768 0.0091 0.00238 1.314 
2457070.48315 -2.2100 0.0105 -1.7900 0.0073 -1.5255 0.0064 0.4200 0.0125 0.6845 0.0120 0.2645 0.0093 0.00238 1.316 
2457070.48368 -2.2011 0.0105 -1.7872 0.0074 -1.5100 0.0062 0.4139 0.0125 0.6911 0.0119 0.2772 0.0092 0.00238 1.318 
2457070.48440 -2.1948 0.0106 -1.7648 0.0072 -1.5034 0.0062 0.4300 0.0125 0.6914 0.0120 0.2614 0.0091 0.00238 1.320 
2457070.48492 -2.2088 0.0109 -1.7770 0.0075 -1.4963 0.0059 0.4318 0.0129 0.7125 0.0121 0.2807 0.0091 0.00238 1.322 
2457070.48545 -2.1928 0.0106 -1.7666 0.0073 -1.4932 0.0062 0.4262 0.0125 0.6996 0.0120 0.2734 0.0092 0.00238 1.324 
2457070.48598 -2.2255 0.0109 -1.7849 0.0074 -1.5016 0.0062 0.4406 0.0128 0.7239 0.0122 0.2833 0.0092 0.00238 1.326 
2457070.48650 -2.1883 0.0109 -1.7851 0.0077 -1.4941 0.0062 0.4032 0.0130 0.6942 0.0122 0.2910 0.0095 0.00238 1.327 
2457070.48704 -2.1809 0.0105 -1.7759 0.0075 -1.4885 0.0061 0.4050 0.0126 0.6924 0.0118 0.2874 0.0092 0.00238 1.329 
2457070.48756 -2.1879 0.0102 -1.7643 0.0074 -1.5002 0.0062 0.4236 0.0123 0.6877 0.0116 0.2641 0.0092 0.00238 1.331 
2457070.48809 -2.1783 0.0101 -1.7642 0.0074 -1.4914 0.0060 0.4141 0.0122 0.6869 0.0114 0.2728 0.0091 0.00238 1.333 
2457070.48862 -2.2153 0.0103 -1.7786 0.0072 -1.5149 0.0060 0.4367 0.0122 0.7004 0.0116 0.2637 0.0089 0.00238 1.335 
2457070.48914 -2.1978 0.0101 -1.7774 0.0074 -1.4952 0.0061 0.4204 0.0122 0.7026 0.0115 0.2822 0.0092 0.00238 1.337 
2457070.48968 -2.1950 0.0103 -1.7810 0.0074 -1.5011 0.0060 0.4140 0.0123 0.6939 0.0116 0.2799 0.0091 0.00238 1.338 
2457070.49020 -2.2041 0.0107 -1.7817 0.0074 -1.4974 0.0062 0.4224 0.0127 0.7067 0.0120 0.2843 0.0092 0.00238 1.340 
2457070.49073 -2.2152 0.0108 -1.7795 0.0075 -1.5079 0.0060 0.4357 0.0128 0.7073 0.0120 0.2716 0.0092 0.00238 1.342 
2457070.49126 -2.1797 0.0104 -1.7822 0.0075 -1.5024 0.0059 0.3975 0.0125 0.6773 0.0116 0.2798 0.0091 0.00238 1.344 
2457070.49178 -2.2146 0.0109 -1.7639 0.0076 -1.4951 0.0061 0.4507 0.0130 0.7195 0.0122 0.2688 0.0093 0.00238 1.346 
2457070.49231 -2.1934 0.0103 -1.7741 0.0075 -1.5201 0.0061 0.4193 0.0124 0.6733 0.0116 0.2540 0.0092 0.00238 1.348 
2457070.49285 -2.2107 0.0108 -1.7892 0.0077 -1.5170 0.0063 0.4215 0.0129 0.6937 0.0122 0.2722 0.0095 0.00238 1.350 
2457070.49337 -2.1970 0.0103 -1.7820 0.0076 -1.5060 0.0062 0.4150 0.0125 0.6910 0.0117 0.2760 0.0094 0.00238 1.352 
2457070.49390 -2.1818 0.0105 -1.7504 0.0075 -1.4952 0.0062 0.4314 0.0126 0.6866 0.0119 0.2552 0.0093 0.00238 1.354 
2457070.49443 -2.2086 0.0107 -1.7829 0.0075 -1.5068 0.0061 0.4257 0.0127 0.7018 0.0120 0.2761 0.0092 0.00238 1.356 
2457070.49495 -2.2186 0.0109 -1.7778 0.0076 -1.4931 0.0061 0.4408 0.0130 0.7255 0.0122 0.2847 0.0093 0.00238 1.357 
2457070.49549 -2.2063 0.0107 -1.7579 0.0076 -1.4840 0.0063 0.4484 0.0128 0.7223 0.0121 0.2739 0.0094 0.00238 1.359 
2457070.49602 -2.2089 0.0108 -1.7796 0.0075 -1.4944 0.0061 0.4293 0.0128 0.7145 0.0121 0.2852 0.0092 0.00238 1.361 
2457070.49655 -2.2003 0.0112 -1.7730 0.0077 -1.4918 0.0061 0.4273 0.0133 0.7085 0.0124 0.2812 0.0094 0.00238 1.363 
2457070.49707 -2.1700 0.0107 -1.7635 0.0074 -1.4882 0.0062 0.4065 0.0127 0.6818 0.0120 0.2753 0.0092 0.00238 1.365 
2457070.49760 -2.2003 0.0108 -1.7770 0.0077 -1.5111 0.0062 0.4233 0.0129 0.6892 0.0121 0.2659 0.0095 0.00238 1.367 
2457070.49812 -2.2241 0.0113 -1.7831 0.0076 -1.5108 0.0063 0.4410 0.0133 0.7133 0.0126 0.2723 0.0094 0.00238 1.369 
2457070.49866 -2.1961 0.0104 -1.7829 0.0076 -1.4770 0.0062 0.4132 0.0125 0.7191 0.0118 0.3059 0.0094 0.00238 1.371 
2457070.49919 -2.2168 0.0107 -1.7706 0.0074 -1.5178 0.0063 0.4462 0.0127 0.6990 0.0121 0.2528 0.0093 0.00238 1.373 
2457070.49972 -2.2177 0.0111 -1.7748 0.0077 -1.5053 0.0061 0.4429 0.0132 0.7124 0.0123 0.2695 0.0094 0.00238 1.375 
2457070.50024 -2.2083 0.0110 -1.7587 0.0076 -1.5007 0.0062 0.4496 0.0130 0.7076 0.0123 0.2580 0.0094 0.00238 1.377 
2457070.50078 -2.1972 0.0105 -1.7527 0.0076 -1.5029 0.0062 0.4445 0.0126 0.6943 0.0119 0.2498 0.0094 0.00238 1.379 
2457070.50131 -2.2191 0.0111 -1.7861 0.0075 -1.5130 0.0064 0.4330 0.0131 0.7061 0.0125 0.2731 0.0094 0.00238 1.381 
2457070.50183 -2.1847 0.0112 -1.7617 0.0077 -1.4870 0.0061 0.4230 0.0133 0.6977 0.0124 0.2747 0.0094 0.00238 1.383 
2457070.50236 -2.1849 0.0106 -1.7639 0.0076 -1.4857 0.0061 0.4210 0.0127 0.6992 0.0119 0.2782 0.0093 0.00238 1.385 
2457070.50289 -2.2106 0.0106 -1.7852 0.0078 -1.5003 0.0060 0.4254 0.0128 0.7103 0.0119 0.2849 0.0094 0.00238 1.387 
2457070.50343 -2.2068 0.0107 -1.7948 0.0076 -1.5131 0.0061 0.4120 0.0128 0.6937 0.0120 0.2817 0.0093 0.00238 1.389 
2457070.50395 -2.2146 0.0109 -1.7745 0.0077 -1.5057 0.0063 0.4401 0.0130 0.7089 0.0123 0.2688 0.0095 0.00238 1.391 
2457070.50448 -2.1793 0.0108 -1.7631 0.0078 -1.4868 0.0064 0.4162 0.0130 0.6925 0.0122 0.2763 0.0097 0.00238 1.393 
2457070.50501 -2.1883 0.0106 -1.7670 0.0078 -1.5055 0.0064 0.4213 0.0128 0.6828 0.0121 0.2615 0.0097 0.00238 1.396 
2457070.50553 -2.1927 0.0110 -1.7633 0.0075 -1.4802 0.0060 0.4294 0.0130 0.7125 0.0122 0.2831 0.0092 0.00238 1.398 
2457070.50606 -2.1902 0.0106 -1.7610 0.0077 -1.4885 0.0061 0.4292 0.0128 0.7017 0.0119 0.2725 0.0094 0.00238 1.400 
2457070.50660 -2.1925 0.0109 -1.7989 0.0079 -1.4894 0.0060 0.3936 0.0131 0.7031 0.0121 0.3095 0.0095 0.00238 1.402 
2457070.50712 -2.1874 0.0108 -1.7806 0.0076 -1.5034 0.0062 0.4068 0.0129 0.6840 0.0121 0.2772 0.0094 0.00238 1.404 
2457070.50765 -2.2030 0.0110 -1.7667 0.0078 -1.4938 0.0062 0.4363 0.0131 0.7092 0.0123 0.2729 0.0095 0.00238 1.406 
2457070.50818 -2.1932 0.0110 -1.7595 0.0076 -1.4822 0.0062 0.4337 0.0130 0.7110 0.0123 0.2773 0.0094 0.00238 1.408 
2457070.50872 -2.2082 0.0112 -1.7675 0.0076 -1.4823 0.0060 0.4407 0.0132 0.7259 0.0124 0.2852 0.0093 0.00238 1.410 
2457070.50924 -2.1813 0.0110 -1.7645 0.0077 -1.4932 0.0064 0.4168 0.0131 0.6881 0.0124 0.2713 0.0096 0.00238 1.412 
2457070.50977 -2.1861 0.0108 -1.7631 0.0076 -1.5000 0.0063 0.4230 0.0129 0.6861 0.0122 0.2631 0.0094 0.00238 1.415 
2457070.51030 -2.1723 0.0110 -1.7528 0.0077 -1.4836 0.0064 0.4195 0.0131 0.6887 0.0124 0.2692 0.0096 0.00238 1.417 
2457070.51084 -2.1770 0.0107 -1.7664 0.0077 -1.4815 0.0061 0.4106 0.0128 0.6955 0.0120 0.2849 0.0094 0.00238 1.419 
2457070.51138 -2.1853 0.0110 -1.7648 0.0079 -1.4927 0.0062 0.4205 0.0132 0.6926 0.0123 0.2721 0.0096 0.00238 1.421 
2457070.51190 -2.1986 0.0110 -1.7909 0.0078 -1.5188 0.0064 0.4077 0.0131 0.6798 0.0124 0.2721 0.0097 0.00238 1.423 
2457070.51243 -2.1834 0.0110 -1.7580 0.0078 -1.4998 0.0063 0.4254 0.0131 0.6836 0.0124 0.2582 0.0096 0.00238 1.425 
2457070.51295 -2.1902 0.0110 -1.7625 0.0078 -1.4972 0.0063 0.4277 0.0131 0.6930 0.0124 0.2653 0.0096 0.00238 1.428 
2457070.51348 -2.1887 0.0108 -1.7793 0.0079 -1.4927 0.0063 0.4094 0.0130 0.6960 0.0122 0.2866 0.0097 0.00238 1.430 
2457070.51402 -2.1984 0.0108 -1.7604 0.0078 -1.4848 0.0062 0.4380 0.0130 0.7136 0.0121 0.2756 0.0095 0.00238 1.432 
2457070.51454 -2.1766 0.0107 -1.7638 0.0077 -1.4967 0.0063 0.4128 0.0128 0.6799 0.0121 0.2671 0.0095 0.00238 1.434 
2457070.51507 -2.2000 0.0108 -1.7678 0.0076 -1.5073 0.0062 0.4322 0.0129 0.6927 0.0121 0.2605 0.0094 0.00238 1.436 
2457070.51560 -2.1929 0.0113 -1.7645 0.0079 -1.4864 0.0062 0.4284 0.0135 0.7065 0.0126 0.2781 0.0096 0.00238 1.439 
2457070.51613 -2.1791 0.0112 -1.7494 0.0076 -1.4849 0.0064 0.4297 0.0132 0.6942 0.0125 0.2645 0.0094 0.00238 1.441 
2457070.51665 -2.1855 0.0111 -1.7830 0.0078 -1.4906 0.0064 0.4025 0.0132 0.6949 0.0124 0.2924 0.0096 0.00238 1.443 
2457070.51719 -2.1724 0.0107 -1.7650 0.0077 -1.4758 0.0063 0.4074 0.0128 0.6966 0.0121 0.2892 0.0095 0.00238 1.445 
2457070.51772 -2.1742 0.0109 -1.7631 0.0080 -1.4917 0.0063 0.4111 0.0132 0.6825 0.0123 0.2714 0.0098 0.00238 1.448 
2457070.51824 -2.1949 0.0110 -1.7816 0.0080 -1.4981 0.0062 0.4133 0.0133 0.6968 0.0123 0.2835 0.0097 0.00238 1.450 
2457070.51877 -2.1968 0.0114 -1.7571 0.0077 -1.4868 0.0063 0.4397 0.0134 0.7100 0.0127 0.2703 0.0095 0.00238 1.452 
2457070.51931 -2.1555 0.0110 -1.7484 0.0077 -1.4719 0.0062 0.4071 0.0131 0.6836 0.0123 0.2765 0.0095 0.00238 1.454 
2457070.51984 -2.1625 0.0109 -1.7738 0.0079 -1.4842 0.0064 0.3887 0.0131 0.6783 0.0123 0.2896 0.0097 0.00238 1.457 
2457070.52036 -2.2186 0.0114 -1.7765 0.0080 -1.4854 0.0064 0.4421 0.0136 0.7332 0.0128 0.2911 0.0098 0.00238 1.459 
2457070.52089 -2.1847 0.0110 -1.7766 0.0079 -1.4811 0.0062 0.4081 0.0132 0.7036 0.0123 0.2955 0.0096 0.00238 1.461 
2457070.52142 -2.1706 0.0110 -1.7647 0.0079 -1.4873 0.0064 0.4059 0.0132 0.6833 0.0124 0.2774 0.0097 0.00238 1.464 
2457070.52194 -2.1969 0.0115 -1.7635 0.0081 -1.4721 0.0065 0.4334 0.0137 0.7248 0.0129 0.2914 0.0100 0.00238 1.466 
2457070.52248 -2.1741 0.0110 -1.7624 0.0082 -1.4692 0.0064 0.4117 0.0134 0.7049 0.0124 0.2932 0.0099 0.00238 1.468 
2457070.52301 -2.2007 0.0115 -1.7817 0.0082 -1.4823 0.0063 0.4190 0.0138 0.7184 0.0127 0.2994 0.0099 0.00238 1.471 
2457070.52353 -2.1880 0.0113 -1.7818 0.0080 -1.4939 0.0063 0.4062 0.0135 0.6941 0.0126 0.2879 0.0098 0.00238 1.473 
2457070.52406 -2.2143 0.0116 -1.7684 0.0080 -1.4922 0.0065 0.4459 0.0138 0.7221 0.0129 0.2762 0.0098 0.00238 1.475 
2457070.52459 -2.1708 0.0110 -1.7555 0.0079 -1.4732 0.0063 0.4153 0.0132 0.6976 0.0123 0.2823 0.0096 0.00238 1.478 
2457070.52512 -2.1750 0.0109 -1.7290 0.0074 -1.4717 0.0064 0.4460 0.0128 0.7033 0.0123 0.2573 0.0093 0.00238 1.480 
2457070.52565 -2.1782 0.0104 -1.7694 0.0078 -1.5075 0.0064 0.4088 0.0127 0.6707 0.0119 0.2619 0.0097 0.00238 1.482 
2457070.52617 -2.1533 0.0109 -1.7457 0.0079 -1.4709 0.0064 0.4076 0.0131 0.6824 0.0123 0.2748 0.0097 0.00238 1.485 
2457070.52670 -2.1664 0.0106 -1.7778 0.0078 -1.5134 0.0063 0.3886 0.0128 0.6530 0.0120 0.2644 0.0096 0.00238 1.487 
2457070.52723 -2.1856 0.0106 -1.7591 0.0076 -1.4883 0.0062 0.4265 0.0127 0.6973 0.0120 0.2708 0.0094 0.00238 1.489 
2457070.52776 -2.1983 0.0110 -1.7626 0.0078 -1.5007 0.0061 0.4357 0.0131 0.6976 0.0123 0.2619 0.0095 0.00238 1.492 
2457070.52829 -2.1804 0.0107 -1.7538 0.0079 -1.4854 0.0062 0.4266 0.0130 0.6950 0.0120 0.2684 0.0096 0.00238 1.494 
2457070.52882 -2.1839 0.0111 -1.7507 0.0077 -1.4881 0.0063 0.4332 0.0132 0.6958 0.0124 0.2626 0.0095 0.00238 1.497 
2457070.52934 -2.1608 0.0112 -1.7551 0.0078 -1.4754 0.0064 0.4057 0.0133 0.6854 0.0126 0.2797 0.0097 0.00238 1.499 
2457070.52987 -2.2060 0.0110 -1.7553 0.0079 -1.4976 0.0063 0.4507 0.0132 0.7084 0.0124 0.2577 0.0097 0.00238 1.502 
2457070.53040 -2.1809 0.0111 -1.7724 0.0079 -1.4880 0.0063 0.4085 0.0133 0.6929 0.0124 0.2844 0.0097 0.00238 1.504 
2457070.53093 -2.1557 0.0104 -1.7630 0.0077 -1.4741 0.0064 0.3927 0.0126 0.6816 0.0118 0.2889 0.0095 0.00238 1.506 
2457070.53146 -2.1815 0.0111 -1.7483 0.0079 -1.4841 0.0063 0.4332 0.0133 0.6974 0.0124 0.2642 0.0096 0.00238 1.509 
2457070.53199 -2.1947 0.0112 -1.7659 0.0080 -1.4792 0.0065 0.4288 0.0134 0.7155 0.0126 0.2867 0.0098 0.00238 1.511 
2457070.53251 -2.1668 0.0107 -1.7587 0.0076 -1.4900 0.0063 0.4081 0.0128 0.6768 0.0120 0.2687 0.0094 0.00238 1.514 
2457070.53304 -2.1757 0.0105 -1.7554 0.0076 -1.4764 0.0063 0.4203 0.0126 0.6993 0.0119 0.2790 0.0094 0.00238 1.516 
2457070.53358 -2.1950 0.0114 -1.7584 0.0078 -1.4795 0.0063 0.4366 0.0135 0.7155 0.0127 0.2789 0.0096 0.00238 1.519 
2457070.53410 -2.1658 0.0111 -1.7379 0.0078 -1.4681 0.0063 0.4279 0.0132 0.6977 0.0124 0.2698 0.0095 0.00238 1.521 
2457070.53463 -2.1841 0.0111 -1.7556 0.0079 -1.4794 0.0063 0.4285 0.0133 0.7047 0.0124 0.2762 0.0097 0.00238 1.524 
2457070.53515 -2.1841 0.0108 -1.7705 0.0078 -1.5006 0.0063 0.4136 0.0130 0.6835 0.0121 0.2699 0.0095 0.00238 1.526 
2457070.53568 -2.1665 0.0109 -1.7353 0.0077 -1.4668 0.0064 0.4312 0.0130 0.6997 0.0123 0.2685 0.0095 0.00238 1.529 
2457070.53621 -2.1846 0.0112 -1.7737 0.0080 -1.4745 0.0064 0.4109 0.0134 0.7101 0.0125 0.2992 0.0098 0.00238 1.531 
2457070.53674 -2.2030 0.0114 -1.7511 0.0080 -1.4874 0.0063 0.4519 0.0136 0.7156 0.0127 0.2637 0.0098 0.00238 1.534 
2457070.53727 -2.1969 0.0112 -1.7606 0.0076 -1.4911 0.0063 0.4363 0.0132 0.7058 0.0125 0.2695 0.0094 0.00238 1.536 
2457070.53779 -2.1758 0.0109 -1.7553 0.0077 -1.4759 0.0062 0.4205 0.0130 0.6999 0.0122 0.2794 0.0095 0.00238 1.539 
2457070.53832 -2.1653 0.0109 -1.7647 0.0078 -1.4740 0.0063 0.4006 0.0131 0.6913 0.0122 0.2907 0.0095 0.00238 1.542 
2457070.53885 -2.1698 0.0110 -1.7594 0.0076 -1.4870 0.0061 0.4104 0.0130 0.6828 0.0123 0.2724 0.0093 0.00238 1.544 
2457070.53938 -2.1761 0.0105 -1.7438 0.0077 -1.5009 0.0062 0.4323 0.0127 0.6752 0.0119 0.2429 0.0095 0.00238 1.547 
2457070.53991 -2.1894 0.0112 -1.7656 0.0078 -1.4925 0.0063 0.4238 0.0133 0.6969 0.0125 0.2731 0.0096 0.00238 1.549 
2457070.54043 -2.1415 0.0105 -1.7492 0.0079 -1.4656 0.0060 0.3923 0.0128 0.6759 0.0118 0.2836 0.0095 0.00238 1.552 
2457070.54096 -2.1801 0.0105 -1.7487 0.0077 -1.4922 0.0061 0.4314 0.0127 0.6879 0.0118 0.2565 0.0094 0.00238 1.555 
2457070.54149 -2.1736 0.0108 -1.7618 0.0078 -1.4901 0.0063 0.4118 0.0130 0.6835 0.0122 0.2717 0.0096 0.00238 1.557 
2457070.54201 -2.1574 0.0109 -1.7437 0.0076 -1.4856 0.0063 0.4137 0.0130 0.6718 0.0122 0.2581 0.0094 0.00238 1.560 
2457070.54255 -2.1742 0.0109 -1.7321 0.0074 -1.4789 0.0063 0.4421 0.0128 0.6953 0.0123 0.2532 0.0093 0.00238 1.562 
2457070.54307 -2.1710 0.0110 -1.7444 0.0076 -1.5051 0.0065 0.4266 0.0130 0.6659 0.0124 0.2393 0.0095 0.00238 1.565 
2457070.54360 -2.1722 0.0109 -1.7355 0.0077 -1.4715 0.0062 0.4367 0.0130 0.7007 0.0122 0.2640 0.0095 0.00238 1.568 
2457070.54413 -2.1602 0.0108 -1.7417 0.0078 -1.4672 0.0062 0.4185 0.0130 0.6930 0.0121 0.2745 0.0095 0.00238 1.570 
2457070.54465 -2.1650 0.0104 -1.7420 0.0075 -1.4740 0.0063 0.4230 0.0125 0.6910 0.0118 0.2680 0.0093 0.00238 1.573 
2457070.54519 -2.2000 0.0108 -1.7337 0.0075 -1.4856 0.0061 0.4663 0.0128 0.7144 0.0121 0.2481 0.0092 0.00238 1.576 
2457070.54572 -2.1582 0.0105 -1.7357 0.0075 -1.4613 0.0061 0.4225 0.0126 0.6969 0.0118 0.2744 0.0092 0.00238 1.578 
2457070.54624 -2.1648 0.0103 -1.7388 0.0076 -1.4732 0.0060 0.4260 0.0125 0.6916 0.0116 0.2656 0.0093 0.00238 1.581 
2457070.54677 -2.1650 0.0103 -1.7297 0.0072 -1.4797 0.0061 0.4353 0.0122 0.6853 0.0116 0.2500 0.0090 0.00238 1.584 
2457070.54730 -2.1588 0.0108 -1.7401 0.0075 -1.4599 0.0061 0.4187 0.0128 0.6989 0.0121 0.2802 0.0092 0.00238 1.586 
2457070.54782 -2.1505 0.0105 -1.7444 0.0075 -1.4658 0.0061 0.4061 0.0126 0.6847 0.0118 0.2786 0.0092 0.00238 1.589 
2457070.54836 -2.1683 0.0106 -1.7340 0.0077 -1.4681 0.0062 0.4343 0.0128 0.7002 0.0120 0.2659 0.0095 0.00238 1.592 
2457070.54888 -2.1430 0.0102 -1.7525 0.0077 -1.4513 0.0060 0.3905 0.0124 0.6917 0.0115 0.3012 0.0093 0.00238 1.595 
2457070.54941 -2.1734 0.0105 -1.7434 0.0076 -1.4690 0.0059 0.4300 0.0126 0.7044 0.0117 0.2744 0.0092 0.00238 1.597 
2457070.54994 -2.1463 0.0106 -1.7338 0.0076 -1.4680 0.0062 0.4125 0.0127 0.6783 0.0120 0.2658 0.0094 0.00238 1.600 
2457070.55047 -2.1414 0.0107 -1.7322 0.0077 -1.4570 0.0063 0.4092 0.0128 0.6844 0.0120 0.2752 0.0095 0.00238 1.603 
2457070.55100 -2.1444 0.0107 -1.7270 0.0078 -1.4585 0.0063 0.4174 0.0129 0.6859 0.0120 0.2685 0.0095 0.00238 1.606 
2457070.55153 -2.1733 0.0108 -1.7381 0.0078 -1.4717 0.0064 0.4352 0.0130 0.7016 0.0122 0.2664 0.0096 0.00238 1.608 
2457070.55206 -2.1701 0.0110 -1.7372 0.0077 -1.4617 0.0062 0.4329 0.0131 0.7084 0.0123 0.2755 0.0095 0.00238 1.611 
2457070.55259 -2.1415 0.0107 -1.7158 0.0076 -1.4467 0.0063 0.4257 0.0128 0.6948 0.0120 0.2691 0.0094 0.00238 1.614 
2457070.55311 -2.1189 0.0110 -1.7201 0.0078 -1.4354 0.0064 0.3988 0.0131 0.6835 0.0124 0.2847 0.0096 0.00238 1.617 
2457070.55365 -2.1186 0.0108 -1.7167 0.0079 -1.4393 0.0065 0.4019 0.0130 0.6793 0.0122 0.2774 0.0097 0.00238 1.620 
2457070.55417 -2.1335 0.0108 -1.7008 0.0078 -1.4350 0.0064 0.4327 0.0130 0.6985 0.0122 0.2658 0.0096 0.00238 1.622 
2457070.55470 -2.1211 0.0106 -1.7206 0.0078 -1.4303 0.0064 0.4005 0.0128 0.6908 0.0120 0.2903 0.0096 0.00238 1.625 
2457070.55523 -2.1311 0.0105 -1.7170 0.0075 -1.4342 0.0060 0.4141 0.0126 0.6969 0.0118 0.2828 0.0092 0.00237 1.628 
2457070.55575 -2.1347 0.0105 -1.7095 0.0075 -1.4390 0.0061 0.4252 0.0126 0.6957 0.0118 0.2705 0.0092 0.00237 1.631 
2457070.55628 -2.1212 0.0106 -1.7100 0.0075 -1.4394 0.0062 0.4112 0.0126 0.6818 0.0119 0.2706 0.0092 0.00237 1.634 
2457070.55682 -2.1314 0.0107 -1.6978 0.0077 -1.4292 0.0063 0.4336 0.0128 0.7022 0.0120 0.2686 0.0095 0.00237 1.637 
2457070.55735 -2.1503 0.0107 -1.7126 0.0075 -1.4447 0.0064 0.4377 0.0127 0.7056 0.0121 0.2679 0.0094 0.00237 1.640 
2457070.55787 -2.1372 0.0109 -1.7137 0.0077 -1.4351 0.0062 0.4235 0.0130 0.7021 0.0122 0.2786 0.0094 0.00237 1.642 
2457070.55840 -2.1292 0.0111 -1.7111 0.0076 -1.4284 0.0064 0.4181 0.0131 0.7008 0.0124 0.2827 0.0094 0.00237 1.645 
2457070.55892 -2.1322 0.0109 -1.6935 0.0077 -1.4076 0.0064 0.4387 0.0130 0.7246 0.0123 0.2859 0.0095 0.00237 1.648 
2457070.55946 -2.1190 0.0110 -1.7099 0.0079 -1.4315 0.0066 0.4091 0.0132 0.6875 0.0125 0.2784 0.0098 0.00237 1.651 
2457070.55999 -2.1205 0.0113 -1.7070 0.0080 -1.4044 0.0066 0.4135 0.0135 0.7161 0.0127 0.3026 0.0099 0.00237 1.654 
2457070.56052 -2.0933 0.0111 -1.6811 0.0080 -1.3954 0.0064 0.4122 0.0133 0.6979 0.0124 0.2857 0.0098 0.00237 1.657 
2457070.56104 -2.0971 0.0105 -1.7148 0.0082 -1.3970 0.0064 0.3823 0.0130 0.7001 0.0119 0.3178 0.0099 0.00237 1.660 
2457070.56157 -2.1050 0.0111 -1.6911 0.0078 -1.4093 0.0065 0.4139 0.0132 0.6957 0.0125 0.2818 0.0097 0.00237 1.663 
2457070.56211 -2.1063 0.0110 -1.6851 0.0079 -1.4048 0.0065 0.4212 0.0132 0.7015 0.0124 0.2803 0.0097 0.00237 1.666 
2457070.56263 -2.1101 0.0113 -1.7097 0.0082 -1.3905 0.0065 0.4004 0.0136 0.7196 0.0127 0.3192 0.0100 0.00237 1.669 
2457070.56316 -2.1279 0.0114 -1.6941 0.0079 -1.3957 0.0065 0.4338 0.0135 0.7322 0.0128 0.2984 0.0097 0.00237 1.672 
2457070.56368 -2.1250 0.0113 -1.6837 0.0082 -1.3916 0.0066 0.4413 0.0136 0.7334 0.0127 0.2921 0.0100 0.00237 1.675 
2457070.56421 -2.1065 0.0114 -1.6994 0.0081 -1.4076 0.0064 0.4071 0.0136 0.6989 0.0127 0.2918 0.0098 0.00237 1.678 
2457070.56473 -2.1028 0.0110 -1.7013 0.0082 -1.4020 0.0066 0.4015 0.0134 0.7008 0.0125 0.2993 0.0100 0.00237 1.681 
2457070.56527 -2.1333 0.0117 -1.6824 0.0080 -1.3921 0.0064 0.4509 0.0138 0.7412 0.0130 0.2903 0.0098 0.00237 1.684 
2457070.56580 -2.1071 0.0113 -1.6797 0.0079 -1.3909 0.0065 0.4274 0.0135 0.7162 0.0127 0.2888 0.0097 0.00237 1.687 
2457070.56632 -2.1218 0.0117 -1.6854 0.0081 -1.4051 0.0066 0.4364 0.0139 0.7167 0.0131 0.2803 0.0100 0.00237 1.690 
2457070.56685 -2.1091 0.0108 -1.6895 0.0082 -1.3923 0.0066 0.4196 0.0132 0.7168 0.0123 0.2972 0.0100 0.00237 1.693 
2457070.56738 -2.0793 0.0115 -1.6711 0.0080 -1.4019 0.0068 0.4082 0.0137 0.6774 0.0130 0.2692 0.0100 0.00237 1.696 
2457070.56792 -2.0919 0.0115 -1.6402 0.0080 -1.3676 0.0066 0.4517 0.0137 0.7243 0.0129 0.2726 0.0099 0.00237 1.699 
2457070.56844 -2.0786 0.0114 -1.6442 0.0079 -1.3613 0.0065 0.4344 0.0135 0.7173 0.0128 0.2829 0.0097 0.00237 1.702 
2457070.56950 -2.0641 0.0111 -1.6453 0.0080 -1.3734 0.0065 0.4188 0.0133 0.6907 0.0125 0.2719 0.0098 0.00237 1.708 
2457070.57002 -2.0815 0.0116 -1.6649 0.0079 -1.3642 0.0065 0.4166 0.0137 0.7173 0.0129 0.3007 0.0097 0.00237 1.711 
2457070.57056 -2.0816 0.0113 -1.6389 0.0077 -1.3803 0.0066 0.4427 0.0133 0.7013 0.0127 0.2586 0.0097 0.00237 1.714 
2457070.57161 -2.0617 0.0113 -1.6544 0.0080 -1.3801 0.0065 0.4073 0.0135 0.6816 0.0127 0.2743 0.0098 0.00237 1.720 
2457070.57267 -2.0690 0.0110 -1.6467 0.0080 -1.3547 0.0064 0.4223 0.0133 0.7143 0.0124 0.2920 0.0098 0.00237 1.726 
2457070.57319 -2.0451 0.0108 -1.6184 0.0080 -1.3383 0.0064 0.4267 0.0131 0.7068 0.0122 0.2801 0.0098 0.00237 1.730 
2457070.57373 -2.0541 0.0107 -1.6389 0.0080 -1.3513 0.0066 0.4152 0.0130 0.7028 0.0122 0.2876 0.0099 0.00237 1.733 
2457070.57426 -2.0657 0.0110 -1.6394 0.0081 -1.3650 0.0066 0.4263 0.0133 0.7007 0.0125 0.2744 0.0100 0.00237 1.736 
2457070.57478 -2.0577 0.0109 -1.6522 0.0081 -1.3642 0.0064 0.4055 0.0132 0.6935 0.0123 0.2880 0.0098 0.00237 1.739 
2457070.57531 -2.0555 0.0110 -1.6376 0.0078 -1.3785 0.0067 0.4179 0.0131 0.6770 0.0125 0.2591 0.0098 0.00237 1.742 
2457070.57584 -2.0615 0.0114 -1.6214 0.0080 -1.3728 0.0067 0.4401 0.0136 0.6887 0.0129 0.2486 0.0099 0.00237 1.745 
2457070.57637 -2.0588 0.0107 -1.6363 0.0081 -1.3668 0.0068 0.4225 0.0131 0.6920 0.0123 0.2695 0.0101 0.00237 1.749 
2457070.57690 -2.0631 0.0117 -1.6158 0.0083 -1.3488 0.0067 0.4473 0.0140 0.7143 0.0131 0.2670 0.0102 0.00237 1.752 
2457070.57743 -2.0438 0.0119 -1.6068 0.0083 -1.3250 0.0068 0.4370 0.0142 0.7188 0.0133 0.2818 0.0102 0.00237 1.755 
2457070.57796 -2.0510 0.0115 -1.6244 0.0083 -1.3241 0.0066 0.4266 0.0138 0.7269 0.0129 0.3003 0.0101 0.00237 1.758 
2457070.57848 -2.0733 0.0153 -1.6187 0.0105 -1.3294 0.0087 0.4546 0.0181 0.7439 0.0171 0.2893 0.0130 0.00237 1.761 
2457070.57902 -2.1034 0.0117 -1.6639 0.0083 -1.3882 0.0068 0.4395 0.0140 0.7152 0.0132 0.2757 0.0102 0.00237 1.765 
2457070.57955 -2.0735 0.0116 -1.6401 0.0080 -1.3732 0.0067 0.4334 0.0138 0.7003 0.0130 0.2669 0.0099 0.00237 1.768 
2457070.58007 -2.1058 0.0119 -1.6602 0.0081 -1.3904 0.0068 0.4456 0.0141 0.7154 0.0133 0.2698 0.0101 0.00237 1.771 
2457070.58113 -2.0768 0.0117 -1.6621 0.0083 -1.3838 0.0067 0.4147 0.0140 0.6930 0.0131 0.2783 0.0102 0.00237 1.778 
2457070.58165 -2.0817 0.0113 -1.6583 0.0082 -1.3844 0.0070 0.4234 0.0136 0.6973 0.0129 0.2739 0.0103 0.00237 1.781 
2457070.58219 -2.0676 0.0112 -1.6394 0.0080 -1.3745 0.0067 0.4282 0.0134 0.6931 0.0127 0.2649 0.0099 0.00237 1.784 
2457070.58272 -2.0791 0.0116 -1.6604 0.0084 -1.3735 0.0068 0.4187 0.0140 0.7056 0.0131 0.2869 0.0103 0.00237 1.787 
2457070.58324 -2.0417 0.0115 -1.6331 0.0084 -1.3809 0.0068 0.4086 0.0139 0.6608 0.0130 0.2522 0.0103 0.00237 1.791 
2457070.58377 -2.0650 0.0116 -1.6604 0.0085 -1.3914 0.0069 0.4046 0.0140 0.6736 0.0131 0.2690 0.0105 0.00237 1.794 
2457070.58483 -2.0579 0.0112 -1.6388 0.0082 -1.3390 0.0066 0.4191 0.0135 0.7189 0.0126 0.2998 0.0100 0.00237 1.801 
2457070.58536 -2.0743 0.0114 -1.6424 0.0082 -1.3574 0.0068 0.4319 0.0137 0.7169 0.0129 0.2850 0.0102 0.00237 1.804 
2457070.58588 -2.0535 0.0109 -1.6252 0.0080 -1.3541 0.0068 0.4283 0.0132 0.6994 0.0125 0.2711 0.0100 0.00237 1.807 
2457070.58641 -2.0399 0.0111 -1.6355 0.0081 -1.3721 0.0067 0.4044 0.0134 0.6678 0.0126 0.2634 0.0100 0.00237 1.811 
2457070.58748 -2.0648 0.0113 -1.6359 0.0082 -1.3811 0.0068 0.4289 0.0136 0.6837 0.0128 0.2548 0.0102 0.00237 1.817 
2457070.58800 -2.0585 0.0112 -1.6475 0.0084 -1.3717 0.0069 0.4110 0.0137 0.6868 0.0128 0.2758 0.0104 0.00237 1.821 
2457070.58853 -2.0695 0.0113 -1.6602 0.0082 -1.3928 0.0068 0.4093 0.0136 0.6767 0.0128 0.2674 0.0102 0.00237 1.824 
2457070.58905 -2.0600 0.0114 -1.6442 0.0082 -1.3706 0.0070 0.4158 0.0137 0.6894 0.0130 0.2736 0.0103 0.00237 1.827 
2457070.58958 -2.0616 0.0111 -1.6313 0.0082 -1.3766 0.0069 0.4303 0.0135 0.6850 0.0127 0.2547 0.0102 0.00237 1.831 
2457070.60266 -2.0307 0.0112 -1.5753 0.0079 -1.3100 0.0068 0.4554 0.0134 0.7207 0.0127 0.2653 0.0099 0.00237 1.917 
2457070.60319 -2.0343 0.0116 -1.5984 0.0080 -1.3306 0.0067 0.4359 0.0138 0.7037 0.0130 0.2678 0.0099 0.00237 1.921 
2457070.60372 -2.0178 0.0113 -1.5960 0.0080 -1.3343 0.0068 0.4218 0.0135 0.6835 0.0128 0.2617 0.0100 0.00237 1.925 
2457070.60425 -2.0462 0.0114 -1.6057 0.0081 -1.3293 0.0066 0.4405 0.0136 0.7169 0.0128 0.2764 0.0100 0.00237 1.928 
2457070.60477 -2.0358 0.0112 -1.6254 0.0082 -1.3364 0.0066 0.4104 0.0135 0.6994 0.0126 0.2890 0.0100 0.00237 1.932 
2457070.60530 -2.0380 0.0116 -1.6073 0.0081 -1.3284 0.0065 0.4307 0.0138 0.7096 0.0129 0.2789 0.0099 0.00237 1.936 
2457070.60582 -2.0567 0.0115 -1.6116 0.0081 -1.3369 0.0068 0.4451 0.0137 0.7198 0.0130 0.2747 0.0101 0.00237 1.939 
2457070.60635 -2.0509 0.0119 -1.6201 0.0083 -1.3289 0.0069 0.4308 0.0142 0.7220 0.0134 0.2912 0.0103 0.00237 1.943 
2457070.60688 -2.0288 0.0118 -1.6158 0.0084 -1.3270 0.0070 0.4130 0.0141 0.7018 0.0133 0.2888 0.0104 0.00237 1.946 
2457070.60741 -2.0306 0.0114 -1.6047 0.0083 -1.3392 0.0068 0.4259 0.0138 0.6914 0.0129 0.2655 0.0102 0.00237 1.950 
2457070.60794 -2.0310 0.0113 -1.5856 0.0079 -1.3225 0.0067 0.4454 0.0135 0.7085 0.0128 0.2631 0.0099 0.00237 1.954 
2457070.60846 -2.0458 0.0118 -1.6051 0.0079 -1.3494 0.0069 0.4407 0.0139 0.6964 0.0133 0.2557 0.0100 0.00237 1.957 
2457070.60953 -2.0522 0.0115 -1.6343 0.0083 -1.3441 0.0069 0.4179 0.0138 0.7081 0.0130 0.2902 0.0103 0.00237 1.965 
2457070.61005 -2.0419 0.0116 -1.6307 0.0084 -1.3532 0.0069 0.4112 0.0140 0.6887 0.0131 0.2775 0.0104 0.00237 1.969 
2457070.61058 -2.0443 0.0118 -1.6346 0.0084 -1.3586 0.0068 0.4097 0.0141 0.6857 0.0132 0.2760 0.0103 0.00237 1.972 
2457070.61111 -2.0493 0.0115 -1.6184 0.0081 -1.3549 0.0067 0.4309 0.0137 0.6944 0.0129 0.2635 0.0100 0.00237 1.976 
2457070.61163 -2.0585 0.0119 -1.6081 0.0082 -1.3385 0.0069 0.4504 0.0141 0.7200 0.0134 0.2696 0.0102 0.00237 1.980 
2457070.61216 -2.0436 0.0116 -1.6193 0.0080 -1.3499 0.0067 0.4243 0.0138 0.6937 0.0130 0.2694 0.0099 0.00237 1.983 
2457070.61269 -2.0529 0.0117 -1.6150 0.0082 -1.3546 0.0071 0.4379 0.0140 0.6983 0.0133 0.2604 0.0104 0.00237 1.987 
2457070.61321 -2.0380 0.0117 -1.6189 0.0081 -1.3434 0.0067 0.4191 0.0139 0.6946 0.0131 0.2755 0.0100 0.00237 1.991 
2457070.61374 -2.0525 0.0117 -1.6132 0.0081 -1.3373 0.0067 0.4393 0.0139 0.7152 0.0131 0.2759 0.0100 0.00237 1.995 
2457070.61427 -2.0588 0.0120 -1.6194 0.0080 -1.3357 0.0068 0.4394 0.0141 0.7231 0.0134 0.2837 0.0100 0.00237 1.998 
2457070.61480 -2.0376 0.0112 -1.6122 0.0078 -1.3407 0.0067 0.4254 0.0133 0.6969 0.0127 0.2715 0.0098 0.00237 2.002 
2457070.61532 -2.0622 0.0119 -1.6188 0.0081 -1.3565 0.0068 0.4434 0.0141 0.7057 0.0133 0.2623 0.0101 0.00237 2.006 
2457070.61586 -2.0323 0.0113 -1.6052 0.0081 -1.3512 0.0067 0.4271 0.0136 0.6811 0.0128 0.2540 0.0100 0.00237 2.010 
2457070.61639 -2.0278 0.0111 -1.6110 0.0080 -1.3380 0.0068 0.4168 0.0133 0.6898 0.0126 0.2730 0.0100 0.00237 2.014 
2457070.61692 -2.0567 0.0116 -1.6171 0.0081 -1.3507 0.0067 0.4396 0.0138 0.7060 0.0130 0.2664 0.0100 0.00237 2.017 
2457070.61745 -2.0518 0.0115 -1.6190 0.0081 -1.3521 0.0067 0.4328 0.0137 0.6997 0.0129 0.2669 0.0100 0.00237 2.021 
2457070.61799 -2.0333 0.0112 -1.6047 0.0078 -1.3496 0.0070 0.4286 0.0133 0.6837 0.0128 0.2551 0.0100 0.00237 2.025 
2457070.61852 -2.0374 0.0114 -1.6086 0.0079 -1.3500 0.0067 0.4288 0.0135 0.6874 0.0129 0.2586 0.0099 0.00237 2.029 
2457070.61904 -2.0335 0.0115 -1.6302 0.0082 -1.3446 0.0067 0.4033 0.0138 0.6889 0.0129 0.2856 0.0101 0.00237 2.033 
2457070.61957 -2.0130 0.0112 -1.6107 0.0081 -1.3368 0.0066 0.4023 0.0135 0.6762 0.0126 0.2739 0.0100 0.00237 2.037 
2457070.62064 -2.0859 0.0116 -1.6352 0.0081 -1.3920 0.0067 0.4507 0.0138 0.6939 0.0130 0.2432 0.0100 0.00237 2.044 
2457070.62116 -2.0738 0.0111 -1.6441 0.0081 -1.3789 0.0067 0.4297 0.0134 0.6949 0.0126 0.2652 0.0100 0.00237 2.048 
2457070.62170 -2.0539 0.0113 -1.6227 0.0079 -1.3625 0.0071 0.4312 0.0135 0.6914 0.0130 0.2602 0.0101 0.00237 2.052 
2457070.62222 -2.0789 0.0111 -1.6462 0.0083 -1.3839 0.0068 0.4327 0.0135 0.6950 0.0126 0.2623 0.0102 0.00237 2.056 
2457070.62275 -2.0646 0.0112 -1.6342 0.0082 -1.3672 0.0067 0.4304 0.0135 0.6974 0.0127 0.2670 0.0101 0.00237 2.060 
2457070.62330 -2.0554 0.0114 -1.6525 0.0082 -1.3805 0.0068 0.4029 0.0137 0.6749 0.0129 0.2720 0.0102 0.00237 2.064 
2457070.62383 -2.0512 0.0118 -1.6185 0.0082 -1.3420 0.0067 0.4327 0.0140 0.7092 0.0132 0.2765 0.0101 0.00237 2.068 
2457070.62435 -2.0472 0.0113 -1.6495 0.0083 -1.3519 0.0067 0.3977 0.0137 0.6953 0.0128 0.2976 0.0102 0.00237 2.071 
2457070.62488 -2.0515 0.0114 -1.6256 0.0084 -1.3537 0.0069 0.4259 0.0138 0.6978 0.0129 0.2719 0.0104 0.00237 2.075 
2457070.62542 -2.0720 0.0123 -1.6365 0.0085 -1.3670 0.0068 0.4355 0.0146 0.7050 0.0137 0.2695 0.0104 0.00237 2.079 
2457070.62595 -2.0838 0.0122 -1.6279 0.0083 -1.3670 0.0069 0.4559 0.0144 0.7168 0.0136 0.2609 0.0103 0.00237 2.083 
2457070.62648 -2.0920 0.0121 -1.6569 0.0087 -1.3720 0.0072 0.4351 0.0146 0.7200 0.0137 0.2849 0.0108 0.00237 2.087 
2457070.62701 -2.0520 0.0116 -1.6399 0.0086 -1.3579 0.0069 0.4121 0.0141 0.6941 0.0131 0.2820 0.0105 0.00237 2.091 
2457070.62755 -2.0480 0.0118 -1.6467 0.0083 -1.3714 0.0070 0.4013 0.0141 0.6766 0.0133 0.2753 0.0104 0.00237 2.095 
2457070.62808 -2.0570 0.0120 -1.6096 0.0082 -1.3591 0.0069 0.4474 0.0142 0.6979 0.0135 0.2505 0.0102 0.00237 2.099 
2457070.62861 -2.0676 0.0114 -1.6366 0.0086 -1.3527 0.0068 0.4310 0.0139 0.7149 0.0129 0.2839 0.0105 0.00237 2.103 
2457070.62914 -2.0540 0.0116 -1.6420 0.0087 -1.3573 0.0070 0.4120 0.0142 0.6967 0.0132 0.2847 0.0107 0.00237 2.107 
2457070.62968 -2.0522 0.0117 -1.6254 0.0082 -1.3608 0.0069 0.4268 0.0140 0.6914 0.0132 0.2646 0.0102 0.00237 2.111 
2457070.63021 -2.0461 0.0119 -1.6159 0.0085 -1.3563 0.0068 0.4302 0.0143 0.6898 0.0133 0.2596 0.0104 0.00237 2.115 
2457070.63074 -2.0723 0.0118 -1.6341 0.0087 -1.3538 0.0069 0.4382 0.0143 0.7185 0.0133 0.2803 0.0106 0.00237 2.119 
2457070.63127 -2.0470 0.0121 -1.6034 0.0083 -1.3462 0.0070 0.4436 0.0143 0.7008 0.0136 0.2572 0.0104 0.00237 2.123 
2457070.63181 -2.0585 0.0122 -1.6403 0.0084 -1.3622 0.0070 0.4182 0.0145 0.6963 0.0137 0.2781 0.0104 0.00237 2.127 
2457070.63234 -2.0353 0.0117 -1.6083 0.0083 -1.3599 0.0070 0.4270 0.0140 0.6754 0.0133 0.2484 0.0104 0.00237 2.131 
2457070.63287 -2.0692 0.0121 -1.6128 0.0082 -1.3340 0.0068 0.4564 0.0143 0.7352 0.0135 0.2788 0.0102 0.00237 2.135 
2457070.63340 -2.0581 0.0120 -1.6304 0.0085 -1.3515 0.0070 0.4277 0.0144 0.7066 0.0135 0.2789 0.0105 0.00237 2.139 
2457070.63392 -2.0682 0.0124 -1.6164 0.0084 -1.3593 0.0072 0.4518 0.0146 0.7089 0.0140 0.2571 0.0106 0.00237 2.143 
2457070.63446 -2.0418 0.0116 -1.6188 0.0084 -1.3448 0.0070 0.4230 0.0140 0.6970 0.0132 0.2740 0.0104 0.00237 2.147 
2457070.63498 -2.0607 0.0123 -1.6278 0.0084 -1.3604 0.0072 0.4329 0.0145 0.7003 0.0139 0.2674 0.0105 0.00237 2.151 
2457070.63551 -2.0451 0.0121 -1.6022 0.0084 -1.3569 0.0071 0.4429 0.0143 0.6882 0.0137 0.2453 0.0104 0.00237 2.155 
2457070.63604 -2.0385 0.0115 -1.6131 0.0083 -1.3336 0.0069 0.4254 0.0138 0.7049 0.0130 0.2795 0.0103 0.00237 2.159 
2457070.63656 -2.0481 0.0118 -1.6175 0.0082 -1.3556 0.0069 0.4306 0.0140 0.6925 0.0133 0.2619 0.0102 0.00237 2.163 
2457070.63710 -2.0597 0.0122 -1.6101 0.0081 -1.3522 0.0071 0.4496 0.0143 0.7075 0.0137 0.2579 0.0103 0.00237 2.167 
2457070.63763 -2.0244 0.0117 -1.6017 0.0083 -1.3282 0.0069 0.4227 0.0140 0.6962 0.0132 0.2735 0.0102 0.00237 2.171 
2457070.63816 -2.0498 0.0117 -1.6446 0.0084 -1.3496 0.0070 0.4052 0.0141 0.7002 0.0133 0.2950 0.0104 0.00237 2.175 
2457070.63868 -2.0658 0.0115 -1.6170 0.0083 -1.3410 0.0070 0.4488 0.0138 0.7248 0.0131 0.2760 0.0104 0.00237 2.179 
2457070.63921 -2.0330 0.0117 -1.6194 0.0083 -1.3490 0.0071 0.4136 0.0140 0.6840 0.0133 0.2704 0.0104 0.00237 2.183 
2457070.63974 -2.0525 0.0120 -1.6123 0.0085 -1.3577 0.0072 0.4402 0.0144 0.6948 0.0136 0.2546 0.0107 0.00237 2.187 
2457070.64028 -2.0531 0.0120 -1.6353 0.0087 -1.3480 0.0069 0.4178 0.0145 0.7051 0.0135 0.2873 0.0106 0.00237 2.191 
2457070.64080 -2.0628 0.0117 -1.6182 0.0085 -1.3545 0.0070 0.4446 0.0141 0.7083 0.0133 0.2637 0.0105 0.00237 2.195 
2457070.64133 -2.0624 0.0121 -1.6213 0.0085 -1.3519 0.0070 0.4411 0.0145 0.7105 0.0136 0.2694 0.0105 0.00237 2.199 
2457070.64186 -2.0770 0.0123 -1.6438 0.0084 -1.3449 0.0072 0.4332 0.0145 0.7321 0.0139 0.2989 0.0105 0.00237 2.204 
2457070.64238 -2.0616 0.0117 -1.6223 0.0084 -1.3422 0.0071 0.4393 0.0141 0.7194 0.0133 0.2801 0.0105 0.00237 2.208 
2457070.64292 -2.0569 0.0120 -1.6215 0.0084 -1.3459 0.0070 0.4354 0.0143 0.7110 0.0135 0.2756 0.0104 0.00237 2.212 
2457070.64347 -2.0658 0.0118 -1.6396 0.0084 -1.3645 0.0071 0.4262 0.0141 0.7013 0.0134 0.2751 0.0105 0.00237 2.216 
2457070.64401 -2.0482 0.0116 -1.6376 0.0084 -1.3593 0.0070 0.4106 0.0140 0.6889 0.0132 0.2783 0.0104 0.00237 2.220 
2457070.64454 -2.0473 0.0116 -1.6429 0.0087 -1.3637 0.0070 0.4044 0.0142 0.6836 0.0132 0.2792 0.0107 0.00237 2.224 
2457070.64506 -2.0789 0.0120 -1.6504 0.0083 -1.3733 0.0071 0.4285 0.0143 0.7056 0.0136 0.2771 0.0104 0.00237 2.228 
2457070.64559 -2.0576 0.0117 -1.6361 0.0086 -1.3644 0.0069 0.4215 0.0142 0.6932 0.0132 0.2717 0.0105 0.00237 2.232 
2457070.64612 -2.0545 0.0118 -1.6237 0.0086 -1.3652 0.0070 0.4308 0.0143 0.6893 0.0133 0.2585 0.0106 0.00237 2.236 
2457070.64664 -2.0303 0.0116 -1.6352 0.0084 -1.3443 0.0068 0.3951 0.0140 0.6860 0.0131 0.2909 0.0103 0.00237 2.240 
2457070.64718 -2.0546 0.0116 -1.6351 0.0086 -1.3435 0.0070 0.4195 0.0141 0.7111 0.0132 0.2916 0.0106 0.00237 2.245 
2457070.64771 -2.0651 0.0119 -1.6254 0.0083 -1.3665 0.0068 0.4397 0.0142 0.6986 0.0133 0.2589 0.0102 0.00237 2.249 
2457070.64823 -2.0562 0.0116 -1.6277 0.0085 -1.3630 0.0071 0.4285 0.0140 0.6932 0.0132 0.2647 0.0106 0.00237 2.253 
2457070.64876 -2.0533 0.0117 -1.6199 0.0085 -1.3574 0.0071 0.4334 0.0141 0.6959 0.0133 0.2625 0.0106 0.00237 2.257 
2457070.64929 -2.0433 0.0120 -1.6247 0.0084 -1.3394 0.0070 0.4186 0.0143 0.7039 0.0135 0.2853 0.0104 0.00237 2.261 
2457070.64982 -2.0518 0.0119 -1.6195 0.0084 -1.3509 0.0069 0.4323 0.0142 0.7009 0.0134 0.2686 0.0104 0.00237 2.265 
2457070.65035 -2.0345 0.0114 -1.6198 0.0085 -1.3491 0.0069 0.4147 0.0139 0.6854 0.0129 0.2707 0.0105 0.00237 2.269 
2457070.65088 -2.0531 0.0119 -1.6257 0.0088 -1.3606 0.0071 0.4274 0.0145 0.6925 0.0135 0.2651 0.0108 0.00237 2.273 
2457070.65140 -2.0342 0.0119 -1.6125 0.0086 -1.3476 0.0069 0.4217 0.0143 0.6866 0.0134 0.2649 0.0105 0.00237 2.277 
2457070.65193 -2.0672 0.0117 -1.6351 0.0086 -1.3582 0.0069 0.4321 0.0142 0.7090 0.0132 0.2769 0.0105 0.00237 2.282 
2457070.65246 -2.0440 0.0116 -1.6144 0.0082 -1.3686 0.0070 0.4296 0.0139 0.6754 0.0132 0.2458 0.0103 0.00237 2.286 
2457070.65299 -2.0688 0.0119 -1.6330 0.0085 -1.3529 0.0071 0.4358 0.0143 0.7159 0.0135 0.2801 0.0106 0.00237 2.290 
2457070.65352 -2.0564 0.0121 -1.6179 0.0086 -1.3466 0.0073 0.4385 0.0145 0.7098 0.0138 0.2713 0.0108 0.00237 2.294 
2457070.65405 -2.0709 0.0124 -1.6248 0.0085 -1.3634 0.0071 0.4461 0.0147 0.7075 0.0139 0.2614 0.0106 0.00237 2.298 
2457070.65458 -2.0523 0.0123 -1.6153 0.0083 -1.3570 0.0071 0.4370 0.0145 0.6953 0.0138 0.2583 0.0104 0.00237 2.302 
2457070.65510 -2.0741 0.0122 -1.6350 0.0086 -1.3662 0.0071 0.4391 0.0146 0.7079 0.0137 0.2688 0.0107 0.00237 2.306 
2457070.65564 -2.0511 0.0122 -1.6269 0.0086 -1.3587 0.0071 0.4242 0.0146 0.6924 0.0137 0.2682 0.0107 0.00237 2.311 
2457070.65617 -2.0513 0.0121 -1.6212 0.0087 -1.3395 0.0070 0.4301 0.0146 0.7118 0.0136 0.2817 0.0107 0.00237 2.315 
2457070.65669 -2.0381 0.0120 -1.6267 0.0087 -1.3610 0.0070 0.4114 0.0145 0.6771 0.0135 0.2657 0.0107 0.00237 2.319 
2457070.65722 -2.0377 0.0118 -1.6206 0.0082 -1.3565 0.0073 0.4171 0.0140 0.6812 0.0135 0.2641 0.0105 0.00237 2.323 
2457070.65774 -2.0864 0.0123 -1.6483 0.0085 -1.3827 0.0070 0.4381 0.0146 0.7037 0.0138 0.2656 0.0105 0.00237 2.327 
2457070.65827 -2.0663 0.0120 -1.6438 0.0087 -1.3601 0.0071 0.4225 0.0145 0.7062 0.0136 0.2837 0.0107 0.00237 2.331 
2457070.65881 -2.0545 0.0123 -1.6318 0.0087 -1.3729 0.0074 0.4227 0.0147 0.6816 0.0140 0.2589 0.0109 0.00237 2.335 
2457070.65933 -2.0943 0.0128 -1.6545 0.0085 -1.3871 0.0074 0.4398 0.0150 0.7072 0.0144 0.2674 0.0108 0.00237 2.340 
2457070.65986 -2.0598 0.0122 -1.6442 0.0088 -1.3561 0.0071 0.4156 0.0147 0.7037 0.0137 0.2881 0.0108 0.00237 2.344 
2457070.66038 -2.0742 0.0123 -1.6357 0.0086 -1.3522 0.0071 0.4385 0.0147 0.7220 0.0138 0.2835 0.0107 0.00237 2.348 
2457070.66091 -2.0457 0.0122 -1.6386 0.0087 -1.3478 0.0073 0.4071 0.0146 0.6979 0.0138 0.2908 0.0109 0.00237 2.352 
2457070.66145 -2.0608 0.0124 -1.6260 0.0085 -1.3525 0.0072 0.4348 0.0147 0.7083 0.0140 0.2735 0.0107 0.00237 2.356 
2457070.66197 -2.0608 0.0121 -1.6485 0.0087 -1.3589 0.0072 0.4123 0.0146 0.7019 0.0137 0.2896 0.0108 0.00237 2.360 
2457070.66250 -2.0621 0.0121 -1.6518 0.0088 -1.3735 0.0073 0.4103 0.0146 0.6886 0.0138 0.2783 0.0109 0.00237 2.364 
2457070.66302 -2.0747 0.0121 -1.6405 0.0084 -1.3652 0.0071 0.4342 0.0144 0.7095 0.0137 0.2753 0.0105 0.00237 2.368 
2457070.66355 -2.0760 0.0122 -1.6355 0.0085 -1.3635 0.0072 0.4405 0.0145 0.7125 0.0138 0.2720 0.0107 0.00237 2.373 
2457070.66462 -2.1811 0.0125 -1.7536 0.0084 -1.4830 0.0071 0.4275 0.0147 0.6981 0.0141 0.2706 0.0106 0.00237 2.381 
2457070.66515 -2.1753 0.0121 -1.7430 0.0084 -1.4859 0.0072 0.4323 0.0144 0.6894 0.0137 0.2571 0.0106 0.00237 2.385 
2457070.66567 -2.1669 0.0124 -1.7767 0.0088 -1.4861 0.0072 0.3902 0.0149 0.6808 0.0140 0.2906 0.0109 0.00237 2.389 
2457070.66622 -2.1644 0.0119 -1.7626 0.0087 -1.4745 0.0071 0.4018 0.0144 0.6899 0.0135 0.2881 0.0107 0.00237 2.393 
2457070.66675 -2.1787 0.0124 -1.7591 0.0087 -1.4806 0.0071 0.4196 0.0148 0.6981 0.0140 0.2785 0.0108 0.00237 2.398 
2457070.66728 -2.1858 0.0124 -1.7561 0.0087 -1.4687 0.0071 0.4297 0.0148 0.7171 0.0139 0.2874 0.0107 0.00237 2.402 
2457070.66837 -2.1769 0.0119 -1.7403 0.0085 -1.4692 0.0071 0.4366 0.0143 0.7077 0.0135 0.2711 0.0107 0.00237 2.410 
2457070.66890 -2.1710 0.0124 -1.7565 0.0091 -1.4588 0.0072 0.4145 0.0150 0.7122 0.0140 0.2977 0.0111 0.00237 2.415 
2457070.66944 -2.1751 0.0127 -1.7584 0.0091 -1.4799 0.0074 0.4167 0.0153 0.6952 0.0143 0.2785 0.0112 0.00237 2.419 
2457070.66999 -2.1734 0.0122 -1.7560 0.0090 -1.4656 0.0073 0.4174 0.0148 0.7078 0.0138 0.2904 0.0111 0.00237 2.423 
2457070.67053 -2.1529 0.0118 -1.7397 0.0091 -1.4470 0.0071 0.4132 0.0146 0.7059 0.0134 0.2927 0.0111 0.00237 2.427 
2457070.67108 -2.1796 0.0125 -1.7397 0.0087 -1.4721 0.0073 0.4399 0.0149 0.7075 0.0141 0.2676 0.0109 0.00237 2.432 
2457070.67162 -2.1807 0.0122 -1.7406 0.0091 -1.4510 0.0073 0.4401 0.0149 0.7297 0.0138 0.2896 0.0112 0.00237 2.436 
2457070.67216 -2.1518 0.0123 -1.7024 0.0089 -1.4441 0.0072 0.4494 0.0148 0.7077 0.0139 0.2583 0.0110 0.00237 2.440 
2457070.67271 -2.1393 0.0123 -1.7254 0.0090 -1.4463 0.0071 0.4139 0.0149 0.6930 0.0138 0.2791 0.0110 0.00237 2.444 
2457070.67324 -2.1208 0.0122 -1.7155 0.0086 -1.4362 0.0072 0.4053 0.0146 0.6846 0.0138 0.2793 0.0107 0.00237 2.448 
2457070.67379 -2.1513 0.0125 -1.7431 0.0091 -1.4546 0.0072 0.4082 0.0151 0.6967 0.0141 0.2885 0.0111 0.00237 2.453 
2457070.67433 -2.1586 0.0127 -1.7332 0.0087 -1.4352 0.0071 0.4254 0.0151 0.7234 0.0142 0.2980 0.0107 0.00237 2.457 
2457070.67487 -2.1481 0.0124 -1.7198 0.0087 -1.4597 0.0071 0.4283 0.0148 0.6884 0.0139 0.2601 0.0107 0.00237 2.461 
2457070.67540 -2.1566 0.0125 -1.7104 0.0089 -1.4545 0.0075 0.4462 0.0150 0.7021 0.0142 0.2559 0.0112 0.00237 2.465 
2457070.67594 -2.1616 0.0119 -1.7056 0.0088 -1.4372 0.0073 0.4560 0.0145 0.7244 0.0136 0.2684 0.0109 0.00237 2.469 
2457070.67648 -2.1479 0.0119 -1.7340 0.0089 -1.4434 0.0072 0.4139 0.0145 0.7045 0.0135 0.2906 0.0110 0.00237 2.474 
2457070.67701 -2.1510 0.0127 -1.6956 0.0088 -1.4356 0.0073 0.4554 0.0151 0.7154 0.0143 0.2600 0.0109 0.00237 2.478 
2457070.67755 -2.1842 0.0131 -1.7084 0.0088 -1.4430 0.0073 0.4758 0.0154 0.7412 0.0146 0.2654 0.0109 0.00237 2.482 
2457070.67809 -2.1332 0.0132 -1.6713 0.0086 -1.4404 0.0074 0.4619 0.0154 0.6928 0.0148 0.2309 0.0109 0.00237 2.486 
2457070.67862 -2.1289 0.0130 -1.7044 0.0090 -1.4364 0.0074 0.4245 0.0155 0.6925 0.0146 0.2680 0.0112 0.00237 2.490 
2457070.67916 -2.1375 0.0128 -1.7070 0.0091 -1.4377 0.0075 0.4305 0.0154 0.6998 0.0145 0.2693 0.0113 0.00237 2.494 
2457070.67970 -2.1469 0.0132 -1.7202 0.0090 -1.4515 0.0073 0.4267 0.0156 0.6954 0.0147 0.2687 0.0111 0.00237 2.498 
2457070.68023 -2.1371 0.0128 -1.7122 0.0087 -1.4393 0.0072 0.4249 0.0151 0.6978 0.0143 0.2729 0.0108 0.00237 2.503 
2457070.68076 -2.1397 0.0128 -1.7000 0.0090 -1.4508 0.0075 0.4397 0.0153 0.6889 0.0145 0.2492 0.0112 0.00237 2.507 
2457070.68131 -2.1313 0.0130 -1.6968 0.0089 -1.4259 0.0073 0.4345 0.0154 0.7054 0.0145 0.2709 0.0110 0.00237 2.511 
2457070.68184 -2.1212 0.0127 -1.7037 0.0091 -1.4348 0.0075 0.4175 0.0153 0.6864 0.0144 0.2689 0.0113 0.00237 2.515 
2457070.68238 -2.1314 0.0129 -1.6883 0.0089 -1.4176 0.0073 0.4431 0.0153 0.7138 0.0145 0.2707 0.0110 0.00237 2.519 
2457070.68292 -2.1451 0.0132 -1.6958 0.0094 -1.4400 0.0076 0.4493 0.0159 0.7051 0.0149 0.2558 0.0116 0.00237 2.523 
2457070.68345 -2.1415 0.0132 -1.7073 0.0092 -1.4441 0.0077 0.4342 0.0158 0.6974 0.0149 0.2632 0.0115 0.00237 2.527 
2457070.68399 -2.1383 0.0138 -1.6939 0.0090 -1.4217 0.0077 0.4444 0.0161 0.7166 0.0154 0.2722 0.0114 0.00237 2.531 
2457070.68452 -2.0591 0.0127 -1.6827 0.0095 -1.4073 0.0078 0.3764 0.0155 0.6518 0.0145 0.2754 0.0118 0.00237 2.535 
2457070.68506 -2.1242 0.0136 -1.6842 0.0096 -1.5014 0.0084 0.4400 0.0163 0.6228 0.0156 0.1828 0.0123 0.00237 2.539 
2457070.68559 -2.0841 0.0138 -1.6570 0.0097 -1.7197 0.0102 0.4271 0.0165 0.3644 0.0168 -0.0627 0.0137 0.00237 2.543 