1154.781013907 10.160668  0.025154
1154.783906300 10.167207  0.022551
1154.786125856 10.145296  0.031185
1154.787351329 10.166653  0.023102
1154.790246616 10.121067  0.024956
1154.792466172 10.162643  0.027089
1154.793693093 10.127710  0.016523
1154.796576804 10.126664  0.020876
1154.798803594 10.164534  0.037505
1154.800036303 10.139688  0.016985
1154.802917120 10.130757  0.021396
1154.807803263 10.126249  0.024869
1154.810546625 10.127433  0.022428
1154.812641747 10.108184  0.029909
1154.813778960 10.116195  0.020647
1154.816529557 10.135482  0.027026
1154.818629020 10.109822  0.030578
1154.819766233 10.106880  0.023010
1154.822516829 10.114486  0.029255
1154.824616293 10.123706  0.048097
1154.825752059 10.097177  0.024537
1154.828508443 10.108075  0.025863
1154.834537637 10.123986  0.016060
1154.837430030 10.132441  0.020251
1154.839649586 10.117379  0.029360
1154.840875060 10.128502  0.019981
1154.843770346 10.127965  0.020227
1154.845989902 10.132857  0.026244
1154.847216823 10.125375  0.018860
1154.850100534 10.126390  0.021543
1154.852327325 10.093347  0.028530
1154.853560034 10.130716  0.020936
1154.856440851 10.120460  0.022525
1156.104101517 10.126921  0.028812
1156.106986674 10.090920  0.028470
1156.109185973 10.097747  0.038139
1156.110386850 10.094576  0.027240
1156.113266219 10.100023  0.026225
1156.115462624 10.114777  0.034233
1156.116667841 10.106172  0.024762
1156.119560233 10.100620  0.028593
1156.121759532 10.123641  0.037973
1156.122964749 10.111045  0.029054
1156.125857141 10.130056  0.030418
1156.130895206 10.032833  0.026232
1156.133635674 10.040809  0.026947
1156.135727902 10.024057  0.030919
1156.136862221 10.037683  0.026696
1156.139609922 10.054435  0.027359
1156.141705044 10.063973  0.034739
1156.142839363 10.051640  0.026635
1156.145581277 10.054918  0.027190
1156.147673505 10.049851  0.034217
1156.148807824 10.042866  0.026045
1156.151555526 10.063602  0.030453
1156.153650648 10.104371  0.041381
1156.157625231 10.117367  0.042036
1156.160493025 10.130617  0.039016
1156.162689430 10.147331  0.049351
1156.163894647 10.122101  0.041497
1156.166769676 10.115210  0.038735
1156.168961740 10.143098  0.045019
1156.170166957 10.125125  0.039294
1156.173027517 10.136746  0.040660
1156.175218134 10.157429  0.039582
1156.176423351 10.140551  0.041776
1156.179291145 10.146969  0.038620
1175.275209445 10.049182  0.017362
1175.278068565 10.048712  0.021596
1175.280221568 10.045478  0.028855
1175.281413764 10.058996  0.019051
1175.284272884 10.056850  0.015908
1175.286425887 10.062923  0.023598
1175.287618084 10.034579  0.017807
1175.290477204 10.029963  0.017806
1175.292630207 10.025459  0.029396
1175.407768940 10.170873  0.023241
1175.409388025 10.165075  0.022612
1175.410457327 10.150484  0.024314
1175.412527858 10.143291  0.033407
1175.413628900 10.156109  0.024877
1175.415249432 10.162555  0.023731
1175.416317287 10.153081  0.021086
1175.418397946 10.144837  0.033539
1175.419494647 10.141606  0.024117
1175.421112286 10.152586  0.021225
1175.422177247 10.156600  0.023198
1175.424256459 10.119171  0.030951
1175.651565038 10.119739  0.032380
1175.654084138 10.113886  0.034616
1175.655986829 10.109008  0.035066
1175.657048805 10.123914  0.033238
1175.659572246 10.126943  0.035741
1175.661470596 10.140450  0.039842
1175.662528232 10.131041  0.034248
1175.665045885 10.143361  0.031185
1175.666945682 10.139598  0.040142
1175.668004764 10.133316  0.031848
1191.866674888 10.186812  0.021443
1191.869173712 10.179310  0.021689
1191.871092305 10.183078  0.035255
1191.872155724 10.166305  0.022476
1191.874655995 10.180071  0.024796
1191.876567353 10.189950  0.032948
1191.877632219 10.185987  0.018174
1191.880131043 10.179671  0.020980
1191.882042402 10.168495  0.032773
1191.883107267 10.179661  0.018529
1191.885607539 10.173533  0.022370
1191.887514556 10.146767  0.030238
1191.888577975 10.181098  0.020830
1192.549343497 10.290063  0.028447
1192.551840865 10.281761  0.033069
1192.553750770 10.278261  0.045862
1192.554819975 10.291174  0.029257
1192.557323131 10.291967  0.028008
1192.559234482 10.300910  0.049327
1192.560299347 10.302668  0.028418
1192.562799608 10.291238  0.029477
1192.564706619 10.280223  0.032575
1192.565770036 10.267339  0.026247
1192.568267404 10.270812  0.032290
1192.570178756 10.286049  0.034698
1192.571242173 10.287685  0.022715
1197.511637179 10.052091  0.027556
1197.514464437 10.052280  0.035482
1197.516618866 10.068306  0.047720
1197.517821184 10.054249  0.029247
1197.520648442 10.054470  0.031947
1197.522799977 10.077679  0.044083
1197.524005189 10.053881  0.030402
1197.526842576 10.067623  0.032305
1197.528995557 10.024923  0.045818
1197.769529243 10.138114  0.030361
1197.772016481 10.135897  0.033288
1197.773871402 10.109584  0.049035
1197.774900094 10.122155  0.031477
1197.777387332 10.101538  0.038477
1197.779242253 10.118702  0.048877
1197.780270945 10.105146  0.032766
1197.782758182 10.122860  0.038425
1197.784613104 10.123539  0.038344
1197.785641796 10.114096  0.036290
1199.081206127 10.301967  0.034127
1199.082845447 10.302359  0.035796
1199.083920517 10.290440  0.038007
1199.085998252 10.298795  0.045965
1199.087118096 10.301480  0.033655
1199.088767544 10.300419  0.033555
1199.089841167 10.300341  0.034473
1199.091924691 10.294334  0.046970
1199.093044535 10.303638  0.032829
1199.094693983 10.298709  0.035117
1199.095767606 10.282111  0.034221
1199.097851130 10.219868  0.045623
1199.098970974 10.247658  0.028255
1199.100620423 10.263753  0.023380
1199.101694046 10.267862  0.028141
1199.103777570 10.283075  0.042481
1199.215754885 10.102143  0.028876
1199.218220414 10.095003  0.035483
1199.220102823 10.084405  0.039774
1199.221138748 10.066802  0.027694
1199.223599937 10.123738  0.032729
1199.225478005 10.124434  0.041305
1199.226513930 10.101639  0.034345
1199.228979459 10.094836  0.028980
1199.230861868 10.120522  0.045065
1199.231897793 10.103508  0.032666
1199.234366217 10.117085  0.033786
1199.236251519 10.119284  0.043868
1199.237294679 10.106532  0.032981
1199.888314225 10.072880  0.026287
1199.890779756 10.086326  0.027336
1199.892662166 10.099347  0.055196
1199.893698092 10.081584  0.027366
1199.896159282 10.088981  0.029683
1199.898037351 10.078959  0.037184
1199.899073277 10.076337  0.027360
1199.901538808 10.076425  0.026551
1199.903421218 10.112189  0.034650
1199.904457143 10.083247  0.019550
1199.906925568 10.073009  0.020675
1199.908810872 10.081533  0.049074
1199.909854032 10.068983  0.020097
1199.942207871 10.101476  0.029591
1199.944661826 10.100969  0.034896
1199.946532661 10.138244  0.041696
1199.947561352 10.103183  0.029659
1199.950016755 10.113026  0.033357
1199.951886143 10.127280  0.042446
1199.952916281 10.104015  0.030872
1199.955374577 10.114661  0.031248
1199.957241072 10.128785  0.043263
1199.958272656 10.103362  0.030302
1199.960738187 10.101798  0.032681
1199.962611916 10.133170  0.057951
1199.963643500 10.106211  0.031501
1206.347714721 10.293716  0.027506
1206.349346800 10.302630  0.025720
1206.350407395 10.295902  0.027112
1206.352473547 10.339856  0.035094
1206.353577473 10.304514  0.025358
1206.355199424 10.311137  0.027301
1206.356257125 10.304213  0.025793
1206.358323277 10.315654  0.041184
1206.359428649 10.303930  0.027389
1206.361060728 10.305218  0.027040
1206.362118430 10.316753  0.024938
1206.364186028 10.210446  0.040177
1206.365289954 10.171730  0.019883
1206.366923480 10.311304  0.021295
1206.367976840 10.326862  0.027415
1206.370035758 10.348940  0.043108
1206.492213013 10.183217  0.024794
1206.494727720 10.173986  0.031742
1206.496615906 10.226084  0.042065
1206.497659062 10.176267  0.023190
1206.500169429 10.193955  0.027824
1206.502057614 10.211078  0.035586
1206.503100771 10.172313  0.022283
1206.505616925 10.185531  0.030636
1206.507509451 10.201092  0.043507
1206.508559842 10.181348  0.023586
1206.511071655 10.194867  0.028484
1206.512972863 10.200687  0.066558
1206.514023254 10.185246  0.025993
1207.202918977 10.199107  0.031696
1207.205433678 10.203815  0.035254
1207.207321860 10.237736  0.040350
1207.208365016 10.195035  0.031758
1207.210875376 10.198067  0.036213
1207.212763558 10.230542  0.038956
1207.213806713 10.203640  0.032546
1207.216322862 10.216061  0.038113
1207.218215384 10.224452  0.047919
1207.219265774 10.199290  0.032070
1207.221777581 10.213004  0.036673
1207.223678784 10.228503  0.049391
1207.224729174 10.202621  0.033557
1207.256812182 10.188476  0.036611
1207.259326883 10.203202  0.033274
1207.261215064 10.207990  0.053941
1207.262258219 10.194158  0.034971
1207.264768579 10.193484  0.036310
1207.266656760 10.221342  0.052639
1207.267699916 10.188671  0.036317
1207.270216063 10.185008  0.037373
1207.272108584 10.222748  0.051739
1207.273158974 10.196890  0.037335
1207.275670781 10.205853  0.036654
1207.277571984 10.207565  0.057567
1207.278622374 10.194265  0.036517
1326.408450404 10.264510  0.024816
1326.411245278 10.285491  0.028197
1326.413421014 10.291319  0.037229
1326.414646361 10.265091  0.026934
1326.417436896 10.223630  0.021787
1326.419616972 10.219452  0.029694
1326.420836533 10.228993  0.019846
1326.423635747 10.232747  0.025251
1326.425820163 10.223095  0.046355
1326.786063693 10.211536  0.028620
1326.788518604 10.213684  0.030912
1326.790399224 10.238316  0.041798
1326.791435061 10.208154  0.027929
1326.793888525 10.199173  0.026743
1326.795769145 10.248841  0.038210
1326.796804981 10.211651  0.033322
1326.799258445 10.219959  0.027323
1326.801139065 10.210569  0.042618
1326.802174902 10.209032  0.028862
1330.596302967 10.095731  0.022082
1330.598730374 10.083881  0.023607
1330.600584941 10.079045  0.030214
1330.601591842 10.093191  0.023440
1330.604025036 10.077287  0.022681
1330.605879604 10.116447  0.037596
1330.606893738 10.100820  0.022991
1330.609324038 10.106359  0.026447
1330.611184393 10.102641  0.035869
1330.612199974 10.104201  0.023736
1330.614625935 10.095717  0.024296
1330.616489183 10.112391  0.043256
1330.617500424 10.085482  0.025352
1330.619927832 10.091642  0.025763
1330.621782401 10.101968  0.032068
1330.622793642 10.088705  0.023448
1330.625226837 10.077722  0.021563
1330.627081407 10.071898  0.031260
1330.628095541 10.118661  0.019725
1330.630525843 10.055365  0.038204
1330.632386199 10.102291  0.035324
1330.633401780 10.103663  0.024725
1330.635827743 10.126259  0.024647
1330.637690992 10.147225  0.042338
1330.638702233 10.123115  0.023805
1330.641129643 10.137567  0.022306
1330.644322392 10.121288  0.021565
1330.646748356 10.129575  0.022673
1330.648607266 10.133266  0.034341
1330.649617060 10.120372  0.022580
1330.652041577 10.114153  0.024559
1330.653897594 10.158286  0.032845
1330.654904496 10.120151  0.021105
1330.657331906 10.106901  0.023319
1330.659186476 10.124216  0.032751
1330.660197718 10.117350  0.019698
1330.662630915 10.130179  0.023131
1330.664485486 10.108267  0.029361
1330.665499621 10.103232  0.021365
1330.667929925 10.114306  0.025361
1330.669790282 10.112405  0.032798
1330.670805864 10.107470  0.025904
1332.529771190 10.203470  0.021349
1332.532197158 10.246549  0.037509
1332.534054624 10.212454  0.035470
1332.535068759 10.205483  0.021702
1332.537494727 10.209460  0.026906
1332.539350747 10.221591  0.034980
1332.540366329 10.210273  0.022375
1332.542792297 10.223112  0.026888
1332.544648317 10.176495  0.029771
1332.545656665 10.222821  0.023051
1332.548081186 10.229646  0.025663
1332.549937206 10.210972  0.042725
1332.550942662 10.216086  0.024796
1332.553370076 10.217499  0.029045
1332.555226096 10.224049  0.034605
1332.556237338 10.225538  0.022569
1332.558664752 10.234675  0.026736
1332.560516432 10.205753  0.035778
1332.561526227 10.219027  0.023348
1332.563953642 10.234894  0.028709
1332.565811108 10.231064  0.040427
1332.695312250 10.260570  0.033683
1332.697738216 10.263424  0.036639
1332.699595681 10.262687  0.047134
1332.700609817 10.258819  0.033594
1332.703035783 10.259793  0.036289
1332.704891802 10.304455  0.044266
1332.705907384 10.261562  0.032678
1332.708333350 10.264063  0.035945
1332.710189369 10.260661  0.045619
1332.711197718 10.264670  0.034732
1332.713622237 10.278851  0.035927
1332.715478256 10.217851  0.042449
1332.716483711 10.276538  0.034894
1332.718911124 10.283258  0.036902
1332.720767143 10.303328  0.048326
1332.721778385 10.284577  0.036645
1332.724205798 10.267843  0.035848
1332.726057477 10.276348  0.052569
1332.727067272 10.280589  0.035920
1332.729494685 10.268598  0.041645
1332.731352150 10.264938  0.042200
1335.046186536 10.162600  0.028059
1335.048609608 10.172952  0.024589
1335.050456946 10.167680  0.044378
1335.051459507 10.170438  0.029049
1335.053885472 10.174782  0.029561
1335.055734257 10.165226  0.034624
1335.056736819 10.170690  0.026967
1335.059162783 10.186794  0.024681
1335.061011568 10.174697  0.047292
1335.062014130 10.166910  0.030549
1335.064440095 10.167057  0.031469
1335.066288879 10.137791  0.038064
1335.067291441 10.153152  0.028218
1335.069717406 10.132357  0.029954
1335.071566190 10.137456  0.041240
1335.072568752 10.151902  0.029325
1335.074994717 10.159121  0.028190
1335.076843501 10.170537  0.037460
1335.077846063 10.150411  0.028617
1335.080272028 10.162581  0.033217
1335.082120812 10.170501  0.043979
1335.083123374 10.143511  0.026404
1335.085549339 10.158990  0.030178
1335.087398123 10.172833  0.035513
1335.088400685 10.168885  0.024789
1335.090826650 10.174693  0.022493
1335.094009275 10.147542  0.022073
1335.096426560 10.167807  0.024221
1335.098276791 10.157596  0.037860
1335.099285139 10.153825  0.023441
1335.228577799 10.125372  0.021376
1335.231000870 10.115526  0.022239
1335.232848207 10.107792  0.034508
1335.233850769 10.135472  0.021411
1335.236276733 10.168363  0.020041
1335.238125517 10.161393  0.034086
1335.239128079 10.169061  0.024209
1335.241554043 10.162605  0.024929
1335.243402827 10.145749  0.038392
1335.244405389 10.147293  0.021311
1335.246831353 10.133385  0.021592
1335.248680137 10.093882  0.033415
1335.249682698 10.107078  0.019160
1335.252108662 10.121074  0.021427
1335.253957447 10.122482  0.034464
1335.254960008 10.129520  0.018023
1335.257385972 10.130767  0.021570
1335.259234756 10.127421  0.026944
1335.260237318 10.134190  0.019249
1335.262663282 10.137169  0.021593
1335.264512066 10.139926  0.027211
1338.801324313 10.104386  0.020716
1338.803757502 10.098593  0.021487
1338.805614960 10.094184  0.032297
1338.806629093 10.107085  0.022443
1338.809055049 10.118224  0.024764
1338.810911060 10.090575  0.040639
1338.811926640 10.111487  0.024780
1338.814352595 10.144991  0.025059
1338.816208606 10.130565  0.044237
1338.817218400 10.114417  0.023074
1338.819641462 10.116509  0.023362
1338.821497473 10.114709  0.042330
1338.822505820 10.124699  0.024124
1338.824931775 10.121232  0.023682
1338.826786339 10.126002  0.039298
1338.827799026 10.074772  0.023471
1338.830224981 10.113417  0.025911
1338.832079545 10.101860  0.035305
1338.833095125 10.130688  0.023795
1338.835518187 10.139482  0.025048
1338.837371305 10.110900  0.027988
1338.966772039 10.144190  0.030009
1338.969205225 10.148296  0.030988
1338.971062681 10.127805  0.041240
1338.972076814 10.125435  0.026032
1338.974502767 10.137486  0.030888
1338.976358776 10.112922  0.030293
1338.977374356 10.132697  0.026502
1338.979800308 10.129693  0.032408
1338.981656318 10.135920  0.047220
1338.982666110 10.127142  0.034729
1338.985089170 10.132674  0.035563
1338.986945179 10.129656  0.045478
1338.987953525 10.131984  0.035021
1338.990379478 10.140904  0.036416
1338.992234040 10.129088  0.036790
1338.993246726 10.133870  0.035051
1338.995672679 10.140129  0.035871
1338.997527241 10.139537  0.035021
1338.998542821 10.128120  0.036957
1339.000965880 10.128305  0.035324
1339.002818995 10.113170  0.033982
1339.003833128 10.140944  0.038385
1339.006259080 10.134752  0.039277
1339.008115089 10.156144  0.071007
1339.009130668 10.136530  0.038082
1339.011556620 10.138914  0.040538
1341.289391992 10.109241  0.025652
1341.291835307 10.132778  0.026113
1341.293707231 10.147256  0.040526
1341.294738724 10.120691  0.023476
1341.297184932 10.148132  0.028621
1341.299055409 10.113130  0.037761
1341.300086902 10.131063  0.024051
1341.302525877 10.123968  0.022971
1341.304400694 10.130236  0.034840
1341.305429294 10.076466  0.025859
1341.307875502 10.096367  0.032047
1341.309751765 10.079715  0.032404
1341.310781812 10.081433  0.026979
1341.313222233 10.101200  0.030183
1341.315094157 10.070250  0.034935
1341.316125650 10.097130  0.027605
1341.318571858 10.103000  0.028029
1341.320442335 10.138922  0.042766
1341.321473828 10.111203  0.029421
1341.323912803 10.105732  0.029317
1341.325787620 10.068129  0.033435
1341.329262427 10.102336  0.030235
1341.331138691 10.095282  0.044395
1341.332168737 10.118658  0.029586
1341.334609159 10.107091  0.034475
1341.337797561 10.118885  0.030413
1341.340239429 10.111424  0.026251
1341.342111353 10.111607  0.036949
1341.345577480 10.119381  0.024924
1341.347452297 10.127062  0.038006
1341.348480897 10.124733  0.020924
1341.350927104 10.130902  0.025364
1341.352803368 10.108747  0.032010
1341.353833414 10.119074  0.023201
1341.356273836 10.056853  0.023393
1341.358145759 10.068944  0.030071
1341.359177252 10.070950  0.025328
1341.361623460 10.103661  0.030554
1341.363493937 10.101226  0.041696
1341.364525430 10.100337  0.027475
1341.366964404 10.096973  0.029762
1341.368839221 10.089424  0.048490
1341.369867821 10.099489  0.027957
1341.372314029 10.104301  0.029486
1341.374190292 10.069140  0.043011
1341.375220338 10.117340  0.029569
1346.489361465 10.128142  0.018602
1346.491843834 10.117345  0.024229
1346.493747581 10.128187  0.029880
1346.494812346 10.118095  0.021230
1346.497290375 10.129652  0.024180
1346.499198462 10.106853  0.030352
1346.500254547 10.117525  0.022668
1346.502729683 10.116906  0.019085
1346.504642109 10.117191  0.027071
1346.505701087 10.124044  0.018597
1346.508174777 10.112782  0.025066
1346.510077077 10.117700  0.026509
1346.511137502 10.119401  0.019602
1346.513611191 10.114196  0.020909
1346.515517832 10.126656  0.030399
1346.516576809 10.107896  0.019605
1346.519051946 10.115649  0.024863
1346.520955693 10.147983  0.034120
1346.522011777 10.105740  0.019206
1346.524486914 10.091958  0.021707
1346.526399340 10.110454  0.030054
1346.654901585 10.104681  0.020615
1346.657383954 10.103065  0.023159
1346.659287701 10.111816  0.028714
1346.660352465 10.101084  0.019872
1346.662830495 10.111224  0.019813
1346.664738582 10.091363  0.031806
1346.665794666 10.101416  0.021051
1346.668269802 10.110537  0.021642
1346.670182229 10.083904  0.030482
1346.671241207 10.091373  0.019877
1346.673714896 10.092611  0.019104
1346.675617197 10.128367  0.037399
1346.676677621 10.113837  0.017809
1346.679151311 10.120794  0.021407
1346.681057951 10.153252  0.032413
1346.682116929 10.126484  0.018685
1346.684592065 10.121941  0.019774
1346.686495812 10.151636  0.035321
1346.687551896 10.131994  0.018616
1346.690027032 10.117554  0.023273
1346.691939459 10.139530  0.034359
1350.098940112 10.164930  0.018480
1350.101431158 10.163273  0.030672
1350.103347923 10.186801  0.036670
1350.104425706 10.174219  0.019699
1350.106916752 10.170353  0.021796
1350.108840750 10.144374  0.030022
1350.109914194 10.188874  0.019596
1350.112402347 10.166678  0.021639
1350.114320558 10.123178  0.038326
1350.115392555 10.135823  0.019444
1350.117879261 10.134983  0.021016
1350.119796026 10.174955  0.041920
1350.120875256 10.132855  0.021610
1350.123367749 10.156858  0.020359
1350.125287406 10.138119  0.039697
1350.126362297 10.137199  0.020310
1350.128849003 10.122454  0.025941
1350.130771554 10.111166  0.036614
1350.131844998 10.122421  0.018844
1350.134338937 10.145386  0.021699
1350.136258595 10.142159  0.033821
1350.264480059 10.113517  0.017346
1350.266971105 10.134085  0.022468
1350.268887869 10.132874  0.029811
1350.269965653 10.129742  0.018491
1350.272456698 10.128196  0.023224
1350.274380696 10.134589  0.036909
1350.275454139 10.135683  0.020077
1350.277942292 10.142608  0.025908
1350.279860502 10.131898  0.031813
1350.280932499 10.143231  0.018575
1350.283419205 10.153295  0.024080
1350.285335969 10.141108  0.033456
1350.286415199 10.150408  0.018725
1350.288907692 10.149747  0.026443
1350.290827349 10.152180  0.043450
1350.291902239 10.106011  0.019345
1350.294388945 10.100606  0.023548
1350.296311496 10.095184  0.037225
1350.297384939 10.102610  0.021641
1350.299878878 10.097142  0.021118
1350.301798535 10.091588  0.033647
1350.302870532 10.104955  0.020886
1350.305361578 10.081962  0.026603
1350.307278342 10.072180  0.030627
1350.308357572 10.097480  0.018273
1350.310850064 10.118256  0.022410
1352.264748041 10.098658  0.023076
1352.267214494 10.112246  0.025857
1352.269102325 10.127228  0.040278
1352.270149729 10.074463  0.025569
1352.272604609 10.107150  0.028635
1352.274492441 10.132228  0.035578
1352.275535505 10.087931  0.026165
1352.277990385 10.107162  0.028074
1352.279879663 10.111978  0.032716
1352.280929961 10.081409  0.019784
1352.283389180 10.096685  0.018596
1352.285277012 10.123946  0.031556
1352.286324416 10.089287  0.018251
1352.288790869 10.102475  0.019097
1352.290678701 10.110480  0.034149
1352.291721765 10.096191  0.017300
1352.294176645 10.093154  0.017270
1352.296064476 10.131321  0.035459
1352.297107541 10.092407  0.018706
1352.299562421 10.099786  0.019655
1352.301451699 10.132894  0.035589
1352.430287960 10.088602  0.031878
1352.432764540 10.096510  0.032226
1352.434671177 10.119588  0.041313
1352.435730154 10.093270  0.029715
1352.438205287 10.096812  0.029696
1352.440109032 10.121521  0.037937
1352.441168009 10.092380  0.029781
1352.443640249 10.100127  0.029536
1352.445552673 10.066057  0.041561
1352.446614543 10.056302  0.030051
1352.449085337 10.089857  0.029472
1352.450991974 10.096903  0.044187
1352.452053845 10.079867  0.027561
1352.454531871 10.099277  0.031085
1352.456437062 10.141802  0.036934
1352.457503272 10.106931  0.027882
1352.459978405 10.106644  0.030768
1352.461882150 10.142262  0.032361
1352.462942574 10.096659  0.028268
1352.465420600 10.118711  0.032405
1352.467328684 10.110580  0.041905
1355.546005384 10.150042  0.020902
1355.548464604 10.147217  0.022055
1355.550352435 10.132640  0.026241
1355.551392606 10.142928  0.019301
1355.553851825 10.160667  0.023235
1355.555738210 10.153488  0.054257
1355.556779828 10.152013  0.024487
1355.559236154 10.157678  0.025608
1355.561121092 10.178126  0.030661
1355.562164156 10.179453  0.020995
1355.564619036 10.185039  0.026728
1355.566502527 10.174958  0.034557
1355.567545591 10.183900  0.022458
1355.570000471 10.170098  0.026144
1355.571885409 10.184886  0.033935
1355.572924134 10.169586  0.022279
1355.575386246 10.166344  0.029453
1355.577274078 10.171134  0.058839
1355.578318588 10.145808  0.020481
1355.580776361 10.157009  0.027806
1355.582664193 10.147647  0.033221
1355.987083432 10.272776  0.035159
1355.989557118 10.280042  0.038229
1355.991449289 10.266588  0.045827
1355.992498139 10.265376  0.031759
1355.994964592 10.287994  0.031178
1355.997917186 10.268223  0.032308
1356.000389425 10.276919  0.030319
1356.002281596 10.270665  0.036630
1356.003330447 10.250792  0.030207
1356.005796899 10.259359  0.028887
1356.007696303 10.267962  0.037331
1356.008749493 10.264579  0.029305
1356.011221732 10.257601  0.028182
1356.013113903 10.283592  0.043268
1356.014162754 10.265063  0.029422
1356.016629206 10.264883  0.033372
1356.018528610 10.274348  0.038099
1356.019581801 10.277667  0.031079
1356.022054039 10.296116  0.033456
1356.023946210 10.271863  0.035677
1357.797267482 10.260420  0.030171
1357.799738271 10.262953  0.029789
1357.801637673 10.266595  0.039644
1357.802690863 10.268545  0.031693
1357.805157313 10.252682  0.027894
1357.807056715 10.290342  0.040431
1357.808111351 10.253808  0.030010
1357.810582141 10.298559  0.037245
1357.812482989 10.288733  0.049012
1357.813541966 10.286569  0.035289
1357.816012755 10.278146  0.028882
1357.817916497 10.287453  0.048033
1357.818966794 10.264328  0.028964
1357.821431797 10.283459  0.030413
1357.823325413 10.263841  0.043211
1357.824381496 10.261644  0.029737
1357.826849392 10.274328  0.024650
1357.828748795 10.291385  0.037045
1357.829799091 10.275995  0.031017
1357.832264095 10.259900  0.035224
1357.834157710 10.258420  0.034539
1357.962807238 10.231142  0.038312
1357.965278029 10.243550  0.041477
1357.967177432 10.223820  0.037655
1357.968230623 10.242739  0.039347
1357.970697074 10.260870  0.043550
1357.972596477 10.268890  0.042326
1357.973651114 10.264808  0.042533
1357.976121905 10.262243  0.035000
1357.978022755 10.300399  0.043274
1357.979081731 10.254022  0.040260
1357.981552522 10.248406  0.040732
1357.983456265 10.240060  0.036259
1357.984506562 10.244341  0.041138
1357.986971567 10.261458  0.038355
1357.988865184 10.236640  0.042538
1357.989921267 10.215560  0.036282
1357.992389165 10.218880  0.036393
1357.994288568 10.210447  0.046806
1357.995338865 10.221346  0.037551
1357.997803870 10.213372  0.037020
1357.999697487 10.232130  0.036200
1359.826999528 10.068272  0.020977
1359.829481889 10.088951  0.022636
1359.831391417 10.110027  0.030808
1359.832463413 10.099295  0.020674
1359.834944327 10.098514  0.022840
1359.836853854 10.110208  0.034017
1359.837925850 10.088638  0.020185
1359.840406764 10.097596  0.022715
1359.842316291 10.111063  0.029140
1359.843388287 10.098026  0.019916
1359.845869201 10.106000  0.022982
1359.847778728 10.113934  0.028670
1359.848850724 10.083282  0.018976
1359.851331638 10.107866  0.021381
1359.853241165 10.133753  0.035113
1359.854313161 10.101745  0.020412
1359.856794075 10.085066  0.021484
1359.858703602 10.096320  0.031114
1359.859775597 10.071300  0.020940
1359.862256511 10.072476  0.022244
1359.864166038 10.114857  0.036772
1360.002452753 10.088200  0.017434
1360.004942344 10.080511  0.018683
1360.006860548 10.120599  0.025937
1360.007925310 10.084490  0.015991
1360.010410561 10.113558  0.023531
1360.012328765 10.130972  0.029677
1360.013397867 10.103775  0.021201
1360.015884564 10.124024  0.022528
1360.017799875 10.119081  0.028892
1360.018868977 10.113905  0.022907
1360.021358566 10.112144  0.022067
1360.023278217 10.129983  0.039617
1360.024350212 10.116506  0.021240
1360.026836909 10.082972  0.024726
1360.028753666 10.146047  0.040051
1360.029824215 10.075404  0.019749
1360.032303678 10.108082  0.020493
1360.034216095 10.134890  0.027091
1360.035286644 10.090253  0.015738
1360.037766107 10.089883  0.023491
1360.039678524 10.133731  0.035298
1372.948922244 10.417295  0.019698
1372.951931191 10.399296  0.019838
1372.954235658 10.441780  0.039305
1372.955563710 10.406994  0.018534
1372.958569764 10.428596  0.021635
1372.960871338 10.448479  0.039387
1372.962202283 10.412411  0.019579
1372.965206890 10.440601  0.022948
1373.305881999 10.285688  0.022610
1373.308348463 10.314132  0.024135
1373.310236302 10.372912  0.040194
1373.311283709 10.317502  0.021294
1373.313738600 10.314034  0.023920
1373.315635119 10.363957  0.040967
1373.316686865 10.324717  0.022716
1373.319153329 10.329690  0.024842
1373.321041168 10.318777  0.039477
1373.322088575 10.317611  0.023449
1711.854297889 10.096670  0.023571
1711.856797619 10.101049  0.025774
1711.858778037 10.123255  0.037114
1711.859852928 10.111278  0.022476
1711.862352657 10.119748  0.020697
1711.864333075 10.134618  0.029802
1711.865407966 10.100941  0.019643
1711.867907695 10.109714  0.021541
1711.869888114 10.127356  0.029494
1711.870963005 10.103617  0.018914
1712.523494758 10.093951  0.016819
1712.525985806 10.102516  0.020573
1712.527960437 10.097920  0.028191
1712.529023754 10.098431  0.017927
1712.531510463 10.095138  0.020116
1712.533486540 10.091931  0.039945
1712.534559984 10.090933  0.019615
1712.537052479 10.095127  0.023936
1712.539025663 10.110614  0.039010
1712.540097660 10.092014  0.023354
1718.903607255 10.065103  0.020506
1718.906104083 10.080224  0.021185
1718.908087389 10.115412  0.037164
1718.909159385 10.072169  0.020538
1718.911659106 10.077346  0.022481
1718.913642411 10.140390  0.033305
1718.914714407 10.086093  0.020373
1718.917214128 10.096395  0.020875
1718.919197434 10.092836  0.034649
1718.920269429 10.083830  0.018594
1718.922769150 10.091660  0.022260
1718.924752456 10.086595  0.030638
1718.927744117 10.067127  0.018055
1718.930242391 10.052896  0.022332
1718.932222803 10.108105  0.032384
1718.933296245 10.035734  0.020526
1874.572314581 10.149949  0.033802
1874.573045239 10.159078  0.029148
1874.576472938 10.152445  0.045202
1874.577207936 10.159789  0.029436
1874.580639976 10.176345  0.044422
1874.581374975 10.133545  0.027800
1874.584807014 10.155408  0.037206
1874.585542012 10.135082  0.030947
1874.589709050 10.131807  0.027032
1905.637590756 10.121453  0.030851
1905.638370614 10.096409  0.032551
1905.642667918 10.121751  0.034752
1905.646191151 10.150870  0.038549
1905.646966669 10.126721  0.039553
1905.650492796 10.124116  0.040923
1905.651269761 10.112671  0.036515
1905.654791547 10.110981  0.036108
1927.805985044 10.116838  0.037621
1927.806740300 10.099190  0.035444
1927.810217200 10.104683  0.043957
1927.810975349 10.097514  0.032047
1927.814447908 10.120164  0.043029
1927.815198823 10.099958  0.032457
1927.818671382 10.075750  0.045527
1927.819426638 10.063662  0.030652
1927.822903537 10.062493  0.038708
1930.733007822 10.097545  0.039991
1930.733729798 10.091743  0.027160
1930.737134344 10.080480  0.032334
1930.737860661 10.104173  0.032588
1930.741276782 10.089290  0.031675
1930.741995865 10.155094  0.023742
1930.745407646 10.135947  0.032680
1930.746138303 10.127734  0.019579
1930.749542849 10.119766  0.034361
1930.750269166 10.098845  0.018638
2101.273894560 10.173928  0.034022
2101.274886967 10.145240  0.018921
2101.278821772 10.158860  0.025709
2101.279805500 10.134601  0.018594
2101.283751878 10.138496  0.027608
2101.284744285 10.132188  0.019372
2101.288690663 10.122799  0.024334
2101.289683071 10.094903  0.018955
2101.293633789 10.120302  0.032637
2101.294618963 10.092320  0.021602
2101.298565341 10.109579  0.025585
2101.299557749 10.102765  0.021680
2106.794073674 10.340723  0.051964
2106.795005325 10.332645  0.031215
2106.798831643 10.359877  0.051884
2106.799760401 10.352944  0.033733
2106.803586719 10.348597  0.046371
2106.804514030 10.357845  0.037436
2106.808347581 10.365371  0.043960
2106.809280678 10.352164  0.037410
2106.813105550 10.360196  0.052722
2106.814034307 10.351167  0.034513
2252.792394456 10.182546  0.045962
2252.793347941 10.150572  0.033212
2252.797229998 10.176726  0.049025
2252.798186377 10.161619  0.036180
2252.802066988 10.156557  0.044929
2252.803024813 10.132022  0.025075
2252.806905424 10.151044  0.027484
2252.807861803 10.141048  0.026976
2252.811736626 10.151074  0.045831
2252.812693005 10.127532  0.027465
2252.816572169 10.171399  0.045943
2252.817528548 10.132577  0.030133
2449.931570917 10.326597  0.041351
2449.932475077 10.295063  0.033853
2449.936240608 10.341940  0.043801
2449.937141875 10.291095  0.027446
2449.940914640 10.340030  0.041821
2449.941817353 10.302410  0.028021
2449.945591564 10.288671  0.042688
2449.946492831 10.262322  0.031627
2449.950265596 10.287486  0.030641
2449.951168309 10.250986  0.031402
2449.954942520 10.309959  0.033909
2449.955843787 10.262260  0.029376
2454.027606185 10.078724  0.028480
2454.028521920 10.078355  0.021798
2454.032319284 10.077642  0.030446
2454.033236465 10.070481  0.019439
2454.037029490 10.090642  0.028389
2454.037940885 10.069296  0.018992
2454.041735356 10.078342  0.031547
2454.042646751 10.088276  0.018606
2454.046441222 10.080233  0.031894
2454.047352617 10.089648  0.021621
2454.051149981 10.115961  0.033928
2454.052062823 10.087020  0.021915
2456.729310417 10.124130  0.033785
2456.730305716 10.126151  0.029315
2456.734263655 10.133608  0.035215
2456.735260400 10.111095  0.022308
2456.739222680 10.126438  0.039107
2456.740219425 10.100251  0.026298
2456.744178811 10.140355  0.031837
2456.745175556 10.121244  0.024808
2456.749142176 10.117989  0.029433
2456.750134581 10.117433  0.027878
2456.754092521 10.184678  0.036986
2456.755095053 10.144457  0.026453
2465.045622281 10.169144  0.034380
2465.046485937 10.162365  0.027054
2465.050186381 10.146009  0.042270
2465.051050038 10.144180  0.028340
2465.054751929 10.155882  0.032296
2465.055615585 10.139648  0.025099
2465.059308796 10.154322  0.033132
2465.060172453 10.131480  0.024982
2465.063870004 10.166881  0.032507
2465.064736554 10.121553  0.028192
2465.068434105 10.182118  0.033338
2465.069304994 10.162034  0.021597
2465.073002546 10.184343  0.038585
2467.896394903 10.117431  0.027905
2467.897231074 10.110411  0.020146
2467.900872210 10.111129  0.027464
2467.901704041 10.117142  0.022853
2467.905346624 10.132047  0.029843
2467.906184242 10.103345  0.023500
2467.909825377 10.129986  0.031053
2467.910655762 10.106198  0.022177
2467.914296898 10.150095  0.029960
2467.915128729 10.100924  0.019763
2467.918771312 10.124496  0.028424
2467.919608930 10.109725  0.020239
2467.923250065 10.105227  0.028321
2624.152492344 10.198831  0.038276
2624.153429915 10.219829  0.033437
2624.157281598 10.198718  0.040360
2624.158217722 10.202444  0.033287
2624.162060723 10.205854  0.041030
2624.162999741 10.216726  0.032613
2624.166844189 10.199083  0.039646
2624.167783207 10.188115  0.034599
2624.171634890 10.184553  0.058798
2624.172571014 10.168323  0.044155
2624.176414016 10.205762  0.050812
2624.177353033 10.210513  0.045977
2624.484296578 10.160738  0.029173
2624.485182061 10.146549  0.019644
2624.488932463 10.155397  0.032685
2624.489825180 10.163865  0.021324
2624.493575582 10.147924  0.027216
2624.494469746 10.144866  0.019880
2624.498220148 10.155813  0.044674
2624.499112866 10.145702  0.027938
2624.502866162 10.160852  0.028846
2624.503758879 10.151777  0.027525
2624.507512175 10.139175  0.032236
2624.508406339 10.130892  0.025048
2624.512158188 10.158515  0.032398
3206.852821207 10.124991  0.030818
3206.853640021 10.102560  0.022997
3206.857239218 10.154992  0.036474
3206.858065265 10.103363  0.021274
3206.861664462 10.136528  0.036872
3206.862474596 10.105238  0.020459
3206.866073793 10.137365  0.030480
3206.866891160 10.107236  0.021052
3206.870483124 10.135994  0.027358
3206.871304831 10.091005  0.022427
3206.874904029 10.124635  0.035485
3206.875714163 10.105721  0.019833
3206.879313360 10.118581  0.032954
3213.237625137 10.151464  0.036947
3213.238506160 10.156344  0.019953
3213.242228344 10.148889  0.037965
3213.243107920 10.152654  0.020342
3213.247724147 10.146124  0.019672
3213.251450671 10.148269  0.037100
3213.252330248 10.149367  0.018098
3213.256059665 10.155703  0.033220
3213.256939241 10.142370  0.020661
3213.260664319 10.141376  0.045783
3213.261543895 10.149982  0.018568
3218.375087198 10.097319  0.040913
3218.376018855 10.065358  0.027221
3218.379849545 10.076899  0.032959
3218.380776861 10.072324  0.026548
3218.384607552 10.083470  0.027625
3218.385539208 10.079201  0.022118
3218.389372792 10.108757  0.030661
3218.390301555 10.087161  0.022087
3218.394135139 10.091582  0.031421
3218.395068242 10.090992  0.021653
3218.398893146 10.071956  0.032634
3218.399821910 10.073080  0.026363
3219.348087900 10.118831  0.030952
3219.349065852 10.115525  0.021384
3219.352973231 10.135318  0.033421
3219.353945397 10.113883  0.019774
3219.357855669 10.158189  0.038050
3547.244977595 10.103767  0.029692
3547.245841247 10.106910  0.021538
3547.249530091 10.123947  0.030660
3547.250382170 10.101457  0.020449
3547.254066674 10.117698  0.030806
3547.254918754 10.107561  0.028951
3547.258603258 10.115476  0.035861
3547.259455337 10.102821  0.025687
3547.263139842 10.134355  0.037240
3547.263991921 10.105643  0.029865
3547.267676426 10.122940  0.029746
3547.268528505 10.109625  0.028210
3547.273065089 10.114800  0.024515
3549.133909101 10.126247  0.036626
3549.134872574 10.111172  0.030515
3549.138768309 10.095211  0.033777
3549.139731782 10.086782  0.029347
3549.143626071 10.113603  0.053929
3549.144586651 10.108864  0.033258
3549.148480939 10.128458  0.043510
3549.149445859 10.120798  0.029891
3549.153343041 10.153021  0.038357
3549.154307961 10.115545  0.027521
3549.158202250 10.127722  0.045894
3549.159167170 10.111200  0.026484
3549.163064352 10.144588  0.039292
3549.164029272 10.135898  0.032511
3944.861630467 10.127237  0.037964
3944.862596839 10.105880  0.017879
3944.866502730 10.123254  0.040261
3944.867471995 10.092634  0.022274
3944.871366313 10.139646  0.034881
3944.872334131 10.089095  0.022465
3944.876241469 10.090665  0.030776
3944.877207840 10.088939  0.024127