1175.717486553 10.328995  0.028606
1175.719907261 10.340514  0.029402
1175.721782458 10.313173  0.047526
1175.722734469 10.321793  0.032617
1175.725155177 10.315327  0.037234
1175.727028928 10.317942  0.039667
1175.727980938 10.320358  0.031939
1175.730398753 10.318373  0.037510
1175.732279738 10.289478  0.045824
1175.733228854 10.337457  0.036466
1175.735649563 10.328594  0.036823
1176.466794245 10.307813  0.034775
1176.469426202 10.306748  0.029424
1176.471427280 10.272829  0.034202
1176.472483468 10.315981  0.034919
1176.475109638 10.284164  0.033332
1176.477103482 10.263248  0.045823
1176.478165457 10.296817  0.036308
1176.480798861 10.281354  0.038205
1176.482799939 10.323628  0.049354
1176.483854680 10.316383  0.032120
1197.835872627 10.301729  0.030074
1197.837420803 10.306562  0.030595
1197.838446687 10.292231  0.032238
1197.840444857 10.319819  0.038945
1197.841473551 10.304389  0.032702
1197.843021726 10.296657  0.030224
1197.844049058 10.297003  0.029348
1197.846045781 10.330147  0.058396
1197.847070133 10.307859  0.031178
1197.848612521 10.307483  0.032860
1197.849636959 10.296477  0.033170
1197.851635129 10.294868  0.039446
1197.852666716 10.316609  0.033267
1197.854211998 10.310565  0.030453
1326.853291291 10.300569  0.023110
1326.855779493 10.298122  0.024242
1326.857697738 10.381893  0.058014
1326.858691625 10.296946  0.025610
1326.863092285 10.357451  0.037886
1326.864087619 10.312680  0.026589
1326.866580161 10.321072  0.027590
1326.868494066 10.358234  0.043570
1326.869482167 10.315594  0.029619
1373.239454858 10.307575  0.024831
1373.241903957 10.308816  0.025481
1373.243783114 10.342149  0.029663
1373.244735042 10.303102  0.022917
1373.247185588 10.303472  0.029806
1373.249061851 10.256730  0.032567
1373.250012333 10.276542  0.022455
1373.252462879 10.290174  0.022448
1373.254339142 10.296478  0.036436
1373.255289623 10.292616  0.019335
1373.257740170 10.293076  0.018651
1375.553153739 10.289786  0.027688
1375.555774980 10.270243  0.034880
1375.557761181 10.273305  0.032468
1375.558801352 10.264642  0.037154
1375.561422593 10.276352  0.035697
1375.563408795 10.269766  0.039216
1375.564448966 10.293832  0.033241
1375.567070207 10.259351  0.029857
1375.569056408 10.300417  0.041360
1375.570096580 10.284894  0.031184
1565.017309743 10.222101  0.028823
1565.019830266 10.235670  0.031621
1565.021763324 10.200296  0.052496
1565.022760185 10.225137  0.029067
1565.025277814 10.219063  0.033737
1565.028210627 10.233859  0.030231
1565.030734044 10.238912  0.030038
1565.032662761 10.246739  0.040862
1565.033658176 10.226921  0.029664
1900.640966496 10.260430  0.037327
1900.641621921 10.264235  0.030889
1900.644902073 10.292316  0.041134
1900.645554604 10.269179  0.032258
1900.648837651 10.226908  0.038310
1900.649493075 10.232446  0.029422
1900.652773228 10.259358  0.038735
1900.653425758 10.266855  0.027515
1900.656708805 10.306935  0.039650
1900.657364229 10.308877  0.032361
1900.660644382 10.270444  0.043233
2087.696229551 10.728865  0.055044
2087.697081632 10.746731  0.031574
2087.700754575 10.835031  0.060443
2087.701602316 10.821799  0.033499
2087.705275260 10.831347  0.058323
2087.706130234 10.912366  0.038221
2087.709795945 11.019158  0.063100
2087.710652366 11.018761  0.045686
2087.714323863 11.015760  0.065276
2087.715175944 11.049180  0.038215
2088.670581728 10.259010  0.050721
2088.671417899 10.266746  0.031945
2088.675059030 10.256140  0.042953
2088.675890860 10.267908  0.027777
2088.679536331 10.278443  0.032865
2088.680375395 10.271679  0.030267
2088.684012186 10.245436  0.042050
2088.684845464 10.277899  0.028727
2088.688483702 10.310046  0.049930
2088.689315532 10.280310  0.024891
2088.696231820 10.325378  0.038959
2088.696949368 10.285789  0.030338
2088.700359039 10.269766  0.042996
2088.701075140 10.276674  0.029620
2088.704480471 10.294792  0.046420
2088.705206698 10.278881  0.031582
2088.708610583 10.330789  0.038514
2088.709323791 10.270076  0.032867
2088.712734909 10.251036  0.033536
2088.713453903 10.287131  0.031465
2088.716857788 10.270820  0.038321
2094.473450590 10.328034  0.030925
2094.474283867 10.318399  0.027065
2094.477922103 10.308000  0.031624
2094.478755380 10.312372  0.021597
2094.482389276 10.312024  0.029140
2094.483219659 10.293705  0.021555
2094.486849215 10.268355  0.036480
2094.487679599 10.264863  0.028920
2094.491309155 10.296646  0.027860
2094.492140985 10.281218  0.031098
2095.465428358 10.246766  0.036585
2095.466187858 10.264279  0.033374
2095.469681436 10.304489  0.032734
2095.470438042 10.260847  0.031110
2095.473927280 10.278265  0.036658
2095.474688226 10.248738  0.032780
2095.478177464 10.249566  0.047487
2095.478936964 10.250325  0.027723
2095.482427648 10.307818  0.050492
2095.483192934 10.256531  0.029134
2095.491082805 10.304489  0.044615
2095.491835072 10.276994  0.026855
2095.495302610 10.279797  0.030890
2095.496056324 10.269342  0.026333
2095.499528202 10.283287  0.033473
2095.500280469 10.251459  0.025140
2095.503752347 10.280880  0.032280
2095.504501720 10.250426  0.023764
2095.507973598 10.270429  0.032279
2095.508728758 10.255355  0.023376
2125.857206722 10.493369  0.045815
2125.858058814 10.491326  0.029999
2125.861743401 10.513224  0.041105
2125.862595494 10.533090  0.028067
2125.866280080 10.571808  0.051492
2125.867132173 10.585900  0.031266
2125.870816759 10.605452  0.048595
2125.871668851 10.636389  0.031698
2125.875353438 10.705928  0.048715
2125.876205530 10.709448  0.036582
2125.879890116 10.770670  0.053539
2125.880742209 10.777350  0.043243
2125.884426795 10.854746  0.062915
2125.885278887 10.825950  0.046456
2237.410181381 10.347882  0.031456
2237.411058169 10.373419  0.031001
2237.414778103 10.363237  0.036793
2237.415654891 10.351973  0.032911
2237.419377719 10.374353  0.034481
2237.420253060 10.361585  0.031009
2237.423975889 10.377562  0.050497
2237.424855570 10.351101  0.028880
2237.428575505 10.331932  0.042887
2237.429452293 10.353001  0.027235
2237.433175122 10.334753  0.037351
2237.434050463 10.355301  0.028837
2237.437773291 10.393523  0.034746
2237.438652973 10.360223  0.027216
2237.442372908 10.303804  0.038315
2237.443249696 10.380352  0.032998
2237.446972525 10.382091  0.047016
2238.596915535 10.267976  0.026308
2238.601328522 10.280809  0.026115
2239.041705832 10.264431  0.041723
2239.042542111 10.258921  0.025616
2239.046191168 10.263261  0.040786
2239.047030340 10.266604  0.028874
2239.051508441 10.263901  0.028954
2239.055150263 10.270729  0.038014
2239.055985095 10.270190  0.028697
2239.059634152 10.255295  0.036016
2239.060474771 10.268066  0.025681
2239.065826809 10.266202  0.035769
2239.066645725 10.261122  0.029010
2239.070244141 10.254036  0.032688
2239.071058716 10.254156  0.031024
2239.074660026 10.278605  0.040362
2239.075476048 10.257275  0.030844
2239.079073017 10.284242  0.044246
2239.079891933 10.265133  0.035662
2239.083493243 10.259262  0.043351
2239.084312159 10.275012  0.030322
2240.131673104 10.345676  0.034272
2240.132516614 10.337858  0.029787
2240.136162759 10.354599  0.040343
2240.137007716 10.306912  0.028456
2240.140665437 10.328142  0.041741
2240.141510394 10.318045  0.027228
2240.145160881 10.335956  0.038017
2240.146004391 10.302989  0.026042
2240.149662113 10.314281  0.043459
2240.150508517 10.307100  0.025455
2240.154154663 10.268794  0.036592
2240.154989492 10.285224  0.026555
2240.158644320 10.312328  0.045861
2240.163265643 10.311772  0.035589
2240.164097579 10.286092  0.025743
2240.167732151 10.311976  0.038182
2240.168565533 10.282840  0.021687
2240.172207340 10.300905  0.045279
2240.173043616 10.274371  0.021579
2240.176676741 10.271007  0.037630
2240.177508677 10.277789  0.022770
2240.181137462 10.290822  0.029618
2240.181969397 10.270081  0.023686
2240.185603970 10.289483  0.038602
2240.186437353 10.271498  0.022919
2240.190079160 10.275821  0.033183
2252.696997311 10.323014  0.033916
2252.697868320 10.312100  0.026883
2252.701555027 10.287691  0.044420
2252.702418801 10.299450  0.028825
2252.706119978 10.326224  0.041866
2252.706986646 10.300282  0.027458
2252.710677694 10.305737  0.040193
2252.711540022 10.282684  0.029770
2252.715232517 10.276452  0.041212
2252.716093397 10.252265  0.031109
2252.719781552 10.292300  0.047896
2252.720649667 10.275819  0.030568
2252.728606159 10.348620  0.039756
2252.729555300 10.337096  0.030222
2252.733421423 10.374298  0.032743
2252.734370564 10.336089  0.029736
2252.738236686 10.297384  0.032569
2252.739185828 10.338598  0.028163
2252.743051950 10.299451  0.030343
2252.744001092 10.329283  0.026006
2252.747867214 10.347492  0.041626
2252.748816356 10.311944  0.027847
2252.752682478 10.339787  0.036263
2252.753631620 10.320652  0.037574
2254.306276385 10.555616  0.051468
2254.307063476 10.558011  0.044184
2254.310601163 10.569798  0.041174
2254.311388254 10.580768  0.036291
2254.314928835 10.625718  0.050896
2254.315715925 10.647804  0.039075
2254.319253613 10.694591  0.050659
2254.320040703 10.689136  0.047927
2254.323578391 10.758133  0.066361
2254.324364034 10.749689  0.045259
2254.327901722 10.848356  0.056097
2254.328688812 10.829518  0.054371
2254.332230840 10.937426  0.066864
2254.337918595 10.995600  0.067001
2254.338792500 11.027450  0.050293
2254.342511049 11.079171  0.071035
2254.343386400 11.116590  0.054944
2254.347107843 11.133722  0.057970
2254.347975960 11.165943  0.059108
2254.351695956 11.241921  0.090757
2254.352571307 11.166137  0.053842
2254.356292750 11.164326  0.075968
2254.357172442 11.138102  0.065215
2254.360893885 11.135894  0.101921
2254.361769236 11.110481  0.049807
2255.922289069 10.292939  0.045018
2255.923070371 10.273847  0.028580
2255.926593588 10.292666  0.031822
2255.927369103 10.283070  0.027738
2255.930895213 10.278675  0.044652
2255.931672175 10.277347  0.029151
2255.935205520 10.294918  0.036298
2255.935981035 10.288011  0.027754
2255.939507146 10.304165  0.038200
2255.940284108 10.276755  0.029258
2255.943817453 10.328352  0.031029
2255.944592968 10.310627  0.027441
2255.948119079 10.299251  0.035813
2255.948896041 10.293483  0.029428
2255.952429386 10.294641  0.038996
2255.953204901 10.295211  0.026087
2255.956731012 10.285965  0.033728
2255.957507974 10.286057  0.028380
2255.963444616 10.313822  0.029169
2255.964247622 10.301955  0.030624
2255.967821480 10.309103  0.034510
2255.968627380 10.300911  0.030838
2255.972202686 10.346625  0.038671
2255.973005692 10.315836  0.028536
2255.976578103 10.296332  0.032150
2255.977381110 10.301760  0.029488
2255.980950628 10.328477  0.033189
2255.981753634 10.308484  0.028170
2255.985323152 10.326548  0.038215
2255.986131945 10.305911  0.030682
2255.989704357 10.298863  0.029583
2255.990507363 10.300052  0.030747
2255.994079775 10.302833  0.042444
2255.994882781 10.275047  0.031063
2255.998452300 10.287622  0.034247
2255.999255306 10.264946  0.030148
2256.269420124 10.239602  0.034802
2256.270256409 10.253097  0.028233
2256.273898274 10.253151  0.034790
2256.274733113 10.256140  0.029584
2256.278374978 10.236754  0.031723
2256.279215604 10.248036  0.030807
2256.282851682 10.277908  0.035010
2256.283690861 10.279955  0.030933
2256.287332727 10.314797  0.033326
2256.288167565 10.296526  0.026012
2256.291809431 10.292493  0.041732
2256.292650057 10.300709  0.032685
2256.296290476 10.309599  0.032092
2256.297126761 10.295334  0.025670
2256.300768627 10.326749  0.036655
2256.301603465 10.275672  0.026253
2256.305245331 10.293520  0.036667
2256.310701585 10.273518  0.033155
2256.311539317 10.264776  0.025943
2256.315178290 10.270701  0.032819
2256.316013128 10.271377  0.030980
2256.319643419 10.297658  0.033209
2256.320473916 10.270226  0.024295
2256.324104207 10.294400  0.052708
2256.324934705 10.267878  0.026394
2256.328564996 10.328793  0.036165
2256.329395493 10.273090  0.026922
2256.333025784 10.283880  0.033793
2256.333857729 10.274425  0.027462
2256.337495254 10.281699  0.029559
2256.338330092 10.280617  0.026490
2256.341960383 10.307118  0.030848
2256.342790881 10.272515  0.029054
2256.346421172 10.241740  0.035662
2256.351546087 10.310413  0.045090
2256.352393948 10.279028  0.026631
2256.356058964 10.304873  0.034295
2256.356914059 10.267381  0.027676
2256.360580523 10.282255  0.035231
2256.361432724 10.273038  0.025782
2256.365103528 10.280637  0.036856
2256.365952836 10.276687  0.028596
2256.369619299 10.294576  0.028044
2256.370467160 10.282135  0.027304
2256.374132177 10.316501  0.037587
2256.374984378 10.289967  0.025218
2256.378646501 10.291082  0.038122
2256.379492914 10.285725  0.023916
2256.383160825 10.319246  0.040325
2256.384010132 10.287792  0.028495
2256.387676596 10.294512  0.042103
2256.392853600 10.272751  0.042669
2256.393624775 10.281624  0.028937
2256.397117611 10.291031  0.034853
2256.397884445 10.266484  0.028095
2256.401377281 10.247635  0.033261
2256.402144116 10.261890  0.027589
2256.405636952 10.259023  0.039831
2256.406403786 10.275913  0.028729
2256.409896622 10.297537  0.034368
2256.410663456 10.269529  0.032635
2256.414156292 10.271796  0.034420
2256.414923126 10.282122  0.027993
2256.418415963 10.297506  0.034845
2256.419182797 10.259114  0.023690
2256.422675633 10.305974  0.036845
2256.423442467 10.289180  0.026790
2256.426935303 10.320183  0.038419
2256.427702138 10.291355  0.026280
2256.681129460 10.307066  0.037791
2256.681941149 10.321726  0.027999
2256.685523694 10.329411  0.035710
2256.686323808 10.313251  0.027755
2256.689902013 10.351364  0.043795
2256.690707913 10.316277  0.030565
2256.694287565 10.321160  0.038361
2256.695103594 10.289993  0.029914
2256.698684693 10.328732  0.047725
2256.699489147 10.291638  0.028770
2256.703067352 10.316182  0.038299
2256.703871806 10.293597  0.028078
2256.707465927 10.269961  0.032063
2256.708270381 10.301063  0.028633
2256.711848586 10.340216  0.041205
2256.712654487 10.301936  0.030729
2256.716234139 10.357027  0.037961
2256.717050168 10.317870  0.033103
2256.722428316 10.303692  0.039781
2256.723221195 10.305815  0.033258
2256.726758887 10.304236  0.041437
2256.727545978 10.300783  0.030266
2256.731090905 10.337568  0.050568
2256.731877996 10.306615  0.032876
2256.735418582 10.338096  0.049085
2256.736205673 10.309491  0.033849
2256.739750600 10.357511  0.039300
2256.740537691 10.308498  0.028407
2256.744075383 10.337056  0.040280
2256.744862474 10.320584  0.029011
2256.748407401 10.329270  0.043154
2256.749194492 10.310574  0.030599
2256.752735078 10.318424  0.037174
2256.753522169 10.295464  0.030364
2256.757067096 10.308767  0.038541
2256.757854187 10.293216  0.029623
2264.071843797 10.381720  0.032433
2264.072620758 10.364382  0.031880
2264.076135290 10.355830  0.038608
2264.076909357 10.321645  0.028362
2265.046352438 10.264778  0.040876
2265.047120720 10.249064  0.025413
2265.050613564 10.301894  0.038081
2265.051380400 10.259523  0.027438
2265.054873244 10.260193  0.032942
2265.055640079 10.265986  0.027351
2265.059132923 10.291891  0.040652
2265.059899759 10.263112  0.026718
2265.063392603 10.275482  0.033554
2265.064159438 10.281645  0.024731
2265.067652283 10.281264  0.035803
2265.072023374 10.264345  0.036719
2265.072791656 10.273555  0.027420
2265.076296076 10.244644  0.036345
2265.077067252 10.271993  0.027635
2265.080573119 10.240167  0.045756
2265.081342848 10.269240  0.029948
2265.084848714 10.301214  0.036288
2265.085619891 10.266274  0.028433
2265.089124310 10.236176  0.037440
2265.089895486 10.245224  0.031856
2265.093407141 10.288459  0.036595
2282.130832942 10.955873  0.071624
2282.131627266 11.016851  0.055947
2282.135192441 11.010752  0.088147
2282.135986765 10.973190  0.067518
2282.139544706 10.882849  0.098272
2282.140339030 10.905402  0.063649
2282.143896971 10.856020  0.074201
2282.144691295 10.830524  0.063321
2282.148249236 10.796245  0.078806
2282.149043560 10.771213  0.061934
2282.152601501 10.708118  0.062209
2449.867545081 10.267055  0.033937
2449.868384144 10.258721  0.022061
2449.872035397 10.236628  0.027705
2449.872870120 10.244962  0.020754
2449.876509801 10.250319  0.030181
2449.877345971 10.256058  0.020951
2449.880987098 10.234318  0.028442
2449.881821821 10.239210  0.022104
2449.885460055 10.260613  0.030680
2449.886294778 10.251918  0.021615
2449.889934459 10.292539  0.029203
2449.890770629 10.258253  0.023007
2449.894411756 10.262541  0.027901
2456.826722201 10.267841  0.031672
2456.827520759 10.260379  0.026437
2456.831085220 10.268411  0.032935
2456.831888119 10.269393  0.022337
2456.835461260 10.284939  0.031107
2456.836267051 10.280118  0.028577
2456.839831513 10.260310  0.033738
2456.840631518 10.277979  0.033554
2456.844200319 10.272721  0.041878
2456.844998877 10.277272  0.034626
2456.848563339 10.298515  0.030267
2456.849361897 10.277958  0.031755
2456.852926358 10.269354  0.037522
2456.853722024 10.278445  0.028563
2456.858900918 10.341185  0.044718
2456.859737089 10.279480  0.030969
2456.863360862 10.319794  0.044678
2456.864194139 10.307459  0.031279
2456.867813572 10.313800  0.054227
2456.868638170 10.332613  0.035337
2456.872257603 10.360584  0.037243
2456.873082201 10.310475  0.034462
2456.876701634 10.292719  0.037142
2456.877526232 10.291865  0.027422
2456.881145665 10.273252  0.046619
2456.881970263 10.273118  0.030490
2456.885589696 10.280086  0.039269
2468.978153624 10.307936  0.040203
2468.978942057 10.287660  0.033319
2468.982489167 10.342809  0.045819
2468.983276153 10.300024  0.028258
2468.986823263 10.341429  0.040557
2468.987610249 10.321259  0.032545
2468.991160252 10.363130  0.049946
2468.991954472 10.301655  0.032413
2468.995511708 10.347580  0.050318
2468.996305927 10.320491  0.032619
2468.999863163 10.320726  0.042833
2469.000657383 10.294440  0.030302
2469.004214619 10.311670  0.043197
2469.005008838 10.298043  0.031802
2469.010469836 10.297440  0.043315
2469.011317581 10.249379  0.031757
2469.014974635 10.293572  0.034143
2469.015822380 10.245783  0.033898
2469.019479433 10.249600  0.039492
2469.020325731 10.242988  0.035178
2469.023987124 10.237171  0.042668
2469.024834869 10.235238  0.029974
2469.028491923 10.251252  0.042845
2469.029339668 10.267850  0.032790
2469.032996721 10.303881  0.041827
2469.033843020 10.301777  0.034969
2469.037504413 10.309052  0.044981
2615.421278227 10.622254  0.049954
2615.422110170 10.619369  0.042554
2615.425720193 10.602022  0.050571
2615.426549242 10.565755  0.036362
2615.430160711 10.535092  0.056398
2615.430983973 10.510673  0.031596
2615.434605571 10.519408  0.044341
2615.435428832 10.490931  0.033095
2615.439050431 10.485127  0.040385
2615.439873692 10.468022  0.028804
2615.443495290 10.430073  0.046479
2615.444318552 10.418758  0.030105
2615.447940150 10.417733  0.037826
2615.453681427 10.372912  0.039849
2615.454614653 10.338185  0.029332
2615.459369148 10.317020  0.028394
2615.463203440 10.341685  0.036474
2615.464135218 10.300319  0.029179
2615.467962276 10.307729  0.039421
2615.468891160 10.297961  0.030134
2615.472718218 10.345778  0.035860
2615.473645656 10.325798  0.028936
2615.477479948 10.333369  0.048008
2615.478413173 10.315752  0.028251
2615.482238784 10.346686  0.036556
2615.483167669 10.331430  0.030486
2615.487001961 10.347955  0.038974
2615.487933740 10.318149  0.026947
2615.491760797 10.327093  0.034107
2615.492689682 10.300601  0.027847
2617.229675309 10.306049  0.034044
2617.230515932 10.265607  0.024320
2617.234156331 10.289697  0.044452
2617.234992613 10.273226  0.026786
2617.238634459 10.298555  0.041221
2617.239469294 10.266342  0.027632
2617.243106800 10.295175  0.037525
2617.243943082 10.268386  0.025876
2617.247583481 10.277859  0.029360
2617.248419763 10.274269  0.023866
2617.252061609 10.304400  0.042932
2617.252896445 10.282617  0.023331
2617.256533950 10.332298  0.037160
2618.749573357 10.295786  0.039202
2618.750422664 10.260443  0.031328
2618.754065975 10.339256  0.040976
2618.754916729 10.312785  0.029967
2618.758575957 10.366801  0.039128
2618.763064235 10.324471  0.030401
2618.763912095 10.312949  0.031480
2618.767574216 10.333389  0.043523
2618.768417736 10.309893  0.027070
2618.772076963 10.327260  0.038108
2618.772924823 10.323904  0.028843
2618.776568135 10.336634  0.043843
2618.777418889 10.318091  0.028427
2618.781078117 10.346046  0.034070
2618.781923083 10.316028  0.025393
2618.785566395 10.319665  0.034127
2618.786414255 10.323306  0.033662
2618.790076377 10.354645  0.041726
2618.791323603 10.376370  0.047229
2618.792171463 10.349632  0.035895
2618.795829244 10.469976  0.047540
2618.801674713 10.498109  0.050543
2618.802538489 10.497329  0.032748
2618.806216527 10.551845  0.048551
2618.807075962 10.542385  0.034420
2618.810754000 10.599128  0.047578
2618.811613435 10.602514  0.037980
2618.815291473 10.658957  0.050582
2618.816150909 10.634898  0.035630
2618.819828946 10.679174  0.044174
2618.820688382 10.685700  0.039223
2618.824366419 10.766208  0.065692
2618.825225855 10.756023  0.039764
2618.828903893 10.830526  0.063631
2624.248779100 10.250955  0.034617
2624.249674708 10.264773  0.025974
2624.253441012 10.278537  0.037629
2624.254338068 10.259445  0.027538
2624.258100031 10.254204  0.035464
2624.258995640 10.257829  0.026694
2624.262757603 10.300463  0.038402
2624.263657552 10.291807  0.021503
2624.267423856 10.320167  0.051556
2624.268320912 10.308394  0.023127
2624.272082875 10.335130  0.041404
2624.272978484 10.324557  0.026453
2624.276740447 10.327312  0.037235
2624.280968290 10.306247  0.039519
2624.281836408 10.295847  0.029195
2624.285537601 10.286993  0.049026
2624.286405719 10.263029  0.029169
2624.290105466 10.307303  0.038798
2624.290972137 10.279386  0.023133
2624.294673330 10.339659  0.048456
2624.295541448 10.292821  0.029786
2624.299242642 10.324558  0.051645
2624.300110760 10.305754  0.024802
2624.303810506 10.292370  0.033347
2624.304677177 10.319056  0.026712
2624.308378371 10.351983  0.047646
2624.313362943 10.320073  0.042924
2624.314197782 10.282097  0.025641
2624.317843994 10.280869  0.032843
2624.318680280 10.288335  0.023265
2624.322317810 10.334139  0.033448
2624.323152649 10.298390  0.028352
2624.326794520 10.265961  0.041415
2624.327629359 10.253928  0.027141
2624.331271231 10.267776  0.043723
2624.332107517 10.249802  0.031711
2624.335745047 10.287547  0.045259
2624.336579886 10.261097  0.027616
2624.340221757 10.305288  0.034594
2630.834603521 10.284398  0.041793
2630.835468747 10.259423  0.033789
2630.839177187 10.276176  0.041759
2630.840042413 10.250794  0.031853
2630.843747959 10.296990  0.038213
2630.844611738 10.217567  0.036333
2630.848310049 10.275383  0.034257
2630.849173828 10.272531  0.032830
2630.852882269 10.351673  0.043640
2630.853747495 10.281971  0.037497
2630.857453041 10.245633  0.038017
2630.858316820 10.269497  0.036966
2630.862015132 10.301582  0.042731
2638.445039609 10.272707  0.038885
2638.445923643 10.260771  0.030792
2638.449653776 10.299419  0.046533
2638.450537810 10.272003  0.030582
2638.454267943 10.300692  0.041922
2638.455151977 10.280107  0.029852
2638.458883557 10.294066  0.035978
2638.459769037 10.276587  0.028175
2638.463500617 10.276308  0.035845
2638.464383204 10.273386  0.031098
2638.468113337 10.291642  0.032993
2638.468997371 10.257464  0.027853
2638.472727505 10.314935  0.035555
2638.477325756 10.265763  0.036462
2638.478133104 10.269622  0.029853
2638.481714207 10.254346  0.040085
2638.482517214 10.279765  0.033917
2638.486095423 10.253396  0.039082
2638.486901324 10.248112  0.031063
2638.490479533 10.270031  0.042771
2638.491286881 10.254071  0.025547
2638.494863643 10.266453  0.034443
2638.495666651 10.269854  0.024458
2638.499244860 10.264052  0.033872
2638.500050761 10.287785  0.022008
2638.503628970 10.278395  0.037937
2638.504436318 10.286759  0.020722
3206.245206684 10.263428  0.041207
3206.246073233 10.283551  0.035192
3206.249770779 10.295771  0.036955
3206.250641668 10.286241  0.034692
3206.254339213 10.271427  0.039653
3206.255207209 10.276332  0.033240
3206.258900414 10.280931  0.030880
3206.259764070 10.274676  0.034916
3206.263464509 10.277681  0.035440
3206.264328165 10.267504  0.035892
3206.268025711 10.277323  0.036398
3206.268893706 10.277107  0.026647
3206.280962859 10.261990  0.038302
3206.281702105 10.232446  0.024058
3206.285142152 10.288772  0.032334
3206.285879952 10.260702  0.024410
3206.289324339 10.299480  0.039862
3206.290063585 10.256265  0.024179
3206.293506526 10.256528  0.033053
3206.294248666 10.258777  0.024230
3206.297693053 10.263170  0.032247
3206.298427960 10.265080  0.023225
3206.301868007 10.264382  0.034398
3206.302610147 10.275244  0.028553
3206.569788572 10.241506  0.039278
3206.570611723 10.190827  0.024741
3206.574209457 10.196816  0.031654
3206.575023929 10.198437  0.025496
3206.578621664 10.258921  0.040156
3206.579436135 10.247638  0.027439
3206.583032424 10.267026  0.034586
3206.583851235 10.203604  0.028263
3206.587448970 10.177391  0.032121
3206.588263442 10.213372  0.024956
3206.591861177 10.296874  0.032901
3206.592675648 10.269656  0.027839
3206.596271937 10.299850  0.032225
3206.601368397 10.269042  0.050261
3206.602156829 10.266691  0.038507
3206.605708273 10.286594  0.052995
3206.606503938 10.276846  0.036478
3206.610059721 10.314703  0.047471
3206.610855387 10.263629  0.040865
3206.614411170 10.287764  0.044664
3206.615206835 10.276173  0.038335
3206.618762619 10.294330  0.043818
3206.619558284 10.270448  0.034801
3206.623114068 10.320619  0.036661
3206.623909733 10.294574  0.031763
3206.627465517 10.280690  0.047667
3213.458421595 10.280356  0.033423
3213.459286703 10.271712  0.020710
3213.462994408 10.289578  0.034027
3213.463859516 10.278964  0.024707
3213.467557095 10.293208  0.040881
3213.468423650 10.275943  0.021578
3213.472121229 10.275949  0.034847
3213.472989230 10.267051  0.022797
3213.476696935 10.256782  0.036476
3213.477562043 10.253793  0.024314
3213.481259623 10.282739  0.041696
3213.482126177 10.255739  0.022962
3213.489942327 10.222124  0.031552
3213.490800201 10.238725  0.021179
3213.494478975 10.227888  0.039007
3213.495336849 10.240144  0.022488
3213.499015623 10.275749  0.040594
3213.499873497 10.257261  0.025371
3213.503552271 10.256023  0.039265
3213.504410145 10.254681  0.021365
3213.508088919 10.202891  0.031265
3213.508946793 10.248490  0.024572
3213.512625567 10.242113  0.037759
3213.513483442 10.256146  0.023707
3213.521491995 10.251434  0.033489
3213.522323830 10.256768  0.028391
3213.525957758 10.287238  0.047228
3213.526791040 10.245393  0.024276
3213.530424968 10.307394  0.048201
3213.531255357 10.287893  0.023831
3213.534884945 10.324084  0.040441
3213.535715334 10.296095  0.022195
3213.539344922 10.336957  0.046635
3213.540176757 10.307101  0.022538
3213.543804899 10.269304  0.035882
3213.544636734 10.281940  0.027585
3213.548270663 10.285519  0.047017
3213.845529830 10.265493  0.038208
3213.846352986 10.247448  0.021472
3213.849950753 10.253306  0.038384
3213.850769570 10.249933  0.021915
3213.854370230 10.249731  0.031151
3213.855189046 10.231451  0.019587
3213.858794047 10.222368  0.036395
3213.859609970 10.222549  0.019604
3213.863206290 10.221734  0.033791
3213.864025107 10.235767  0.022150
3213.867625767 10.221381  0.033997
3213.868444584 10.235224  0.019509
3213.872046691 10.243977  0.030088
3213.877069416 10.307194  0.044042
3213.877885339 10.291473  0.033168
3213.881484553 10.322637  0.046217
3213.882296136 10.274571  0.034489
3213.885885224 10.276371  0.046094
3213.886699701 10.279224  0.031345
3213.890297468 10.289988  0.055766
3213.891107605 10.282277  0.038330
3213.894708266 10.310292  0.044093
3213.895528529 10.268332  0.039930
3213.899116170 10.270822  0.052569
3213.899932094 10.288804  0.039565
3213.903519735 10.306698  0.044307
3218.596027863 10.661066  0.044023
3218.596865486 10.713775  0.024462
3218.600505204 10.662065  0.050005
3218.601338487 10.708013  0.030816
3218.604975312 10.718331  0.045182
3218.605808595 10.644395  0.028277
3218.609454100 10.632403  0.046096
3218.610290276 10.638537  0.031952
3218.613929995 10.606793  0.043014
3218.614763277 10.618658  0.028393
3218.618400103 10.587553  0.038178
3218.619233385 10.605228  0.024835
3218.622878891 10.598352  0.048348
3218.627560208 10.582714  0.041893
3218.628409404 10.592972  0.043101
3218.632083842 10.577009  0.044916
3218.632934484 10.564273  0.041548
3218.636595903 10.566536  0.048531
3218.637443652 10.560410  0.042231
3218.641107964 10.537773  0.044280
3218.641962946 10.541057  0.043646
3218.645628705 10.524219  0.066492
3218.646480794 10.519282  0.038895
3218.650150893 10.502546  0.039879
3218.651000088 10.518189  0.028602
3218.654674527 10.369849  0.047373
3218.659109917 10.535175  0.045431
3218.659933073 10.458557  0.026100
3218.663553986 10.431035  0.034183
3218.664377142 10.455102  0.026204
3218.667998056 10.443396  0.045586
3218.668821212 10.416643  0.021558
3218.672442126 10.363607  0.041689
3218.673265282 10.398673  0.024886
3218.676886195 10.403275  0.040296
3218.677709352 10.391518  0.024785
3218.681330265 10.430767  0.036543
3218.682153421 10.370640  0.025109
3218.685774335 10.392549  0.047195
3218.952538751 10.339179  0.034546
3218.953386501 10.332538  0.026833
3218.957047924 10.313867  0.033793
3218.957895674 10.317967  0.028005
3218.961559991 10.333718  0.035266
3218.962412081 10.321670  0.027330
3218.966073505 10.328394  0.033185
3218.966929934 10.279762  0.028647
3218.970594252 10.283883  0.035241
3218.971440555 10.291098  0.027090
3218.975101979 10.330234  0.031977
3218.975949729 10.297277  0.024669
3218.984150706 10.265703  0.044603
3218.984991223 10.229407  0.027936
3218.988629501 10.232564  0.033006
3218.989468571 10.228382  0.024352
3218.993111189 10.280209  0.040285
3218.993945919 10.234588  0.025972
3218.997582751 10.317003  0.043798
3218.998423267 10.285852  0.030666
3219.002065885 10.250543  0.033452
3219.002902062 10.273919  0.027856
3219.006541787 10.270213  0.037169
3219.007377964 10.266898  0.029021
3219.011019135 10.257853  0.030588
3547.280849046 10.290470  0.033557
3547.281701127 10.267994  0.019865
3547.285365384 10.275227  0.030819
3547.286213125 10.262073  0.021655
3547.289870149 10.275641  0.032081
3547.290713550 10.256892  0.021499
3547.294370575 10.347030  0.036730
3547.295218315 10.250713  0.018800
3547.298882573 10.270266  0.034885
3547.299730313 10.254384  0.022924
3547.303387338 10.244222  0.034629
3547.304230739 10.262339  0.019106
3547.307887764 10.288148  0.031071
3547.308735504 10.262745  0.020482
3547.598889399 10.298212  0.041904
3547.599745820 10.284649  0.039491
3547.603411529 10.292021  0.041880
3547.604262163 10.271800  0.033032
3547.607923532 10.299281  0.041694
3547.608774166 10.293117  0.038400
3547.612442768 10.300079  0.044684
3547.613291956 10.290921  0.032466
3547.616960558 10.290718  0.040216
3547.617812639 10.286072  0.029289
3547.621481241 10.290077  0.030805
3547.622336216 10.236496  0.023369
3547.626001925 10.314123  0.033367
3547.626852559 10.292264  0.025138
3547.634347468 10.238841  0.040914
3547.635166276 10.274564  0.026568
3547.638769781 10.264835  0.037657
3547.639588590 10.262507  0.029136
3547.643197881 10.287009  0.047780
3547.644016689 10.284475  0.025456
3547.647633214 10.260100  0.037479
3547.648452022 10.275655  0.028878
3547.652062760 10.225972  0.033467
3547.652880122 10.270782  0.028500
3547.656485074 10.238914  0.034285
3547.657308222 10.262467  0.028468
3547.660913174 10.291085  0.033655
3547.661737769 10.264925  0.028454
3547.665341274 10.270307  0.034403
3549.487769274 10.257015  0.031848
3549.488560601 10.240491  0.024622
3549.492100484 10.261134  0.036939
3549.492887471 10.242801  0.025607
3549.496433140 10.272614  0.036043
3549.497220128 10.218486  0.025673
3549.500762904 10.240471  0.038453
3549.501554231 10.230127  0.025190
3549.505095561 10.258536  0.029187
3549.505882548 10.237616  0.024361
3549.509429665 10.223992  0.036926
3549.510216653 10.232343  0.024653
3549.513757983 10.235639  0.032121
3549.514544971 10.238512  0.025343
3549.518090641 10.260685  0.033221