1085.666003999  9.920320  0.014184
1085.668347636  9.928908  0.016556
1085.670154559  9.923013  0.025638
1085.671133996  9.923058  0.014235
1085.673480526  9.904761  0.017365
1085.675288896  9.912927  0.022195
1085.676263993  9.909145  0.014377
1085.678610523  9.925060  0.015568
1085.680420339  9.923518  0.023271
1085.681395436  9.945570  0.014330
1085.683739072  9.959125  0.016091
1085.685541655  9.980602  0.023051
1085.686521092  9.953358  0.014190
1086.920857603 10.357946  0.015412
1086.923179531 10.362618  0.017387
1086.924961854 10.376821  0.027955
1086.925915249 10.368057  0.015387
1086.928241517 10.321162  0.017311
1086.930025286 10.402990  0.028281
1086.930978682 10.381783  0.015289
1086.933304949 10.396669  0.016485
1086.935088719 10.413707  0.030918
1086.936039221 10.390049  0.015462
1086.938364042 10.385774  0.018731
1086.940146365 10.403491  0.030029
1086.941099760 10.399118  0.015274
1086.943426028 10.395711  0.017301
1086.974188567 10.466910  0.015292
1086.976510494 10.468054  0.020544
1086.978292817 10.494965  0.029266
1086.979246212 10.478454  0.015519
1086.981572480 10.484741  0.018529
1086.983356249 10.498871  0.029132
1086.984309644 10.485267  0.015894
1086.986635912 10.481893  0.018843
1086.988419681 10.464531  0.028609
1086.989370183 10.493581  0.015464
1086.991695003 10.484641  0.019049
1086.993477326 10.512435  0.033601
1086.994430721 10.506746  0.015817
1086.996756988 10.513547  0.020549
1093.280765299 10.017522  0.014446
1093.283134975 10.020433  0.015592
1093.284954917 10.018237  0.025488
1093.285943034 10.014274  0.014193
1093.288319944 10.024730  0.015655
1093.290139886 10.039853  0.028257
1093.291128003 10.013433  0.014683
1093.293504912 10.030032  0.016399
1093.295324855 10.037826  0.029822
1093.296312972 10.014201  0.014536
1093.298689881 10.028845  0.016307
1093.300509823 10.046681  0.028389
1093.301497941 10.004919  0.014456
1590.314382204  9.945716  0.012795
1590.316909844  9.941092  0.014649
1590.318897799  9.921804  0.024150
1590.319962643  9.935793  0.012715
1590.322493176  9.919717  0.015411
1590.324489812  9.916969  0.021128
1590.325554656  9.921873  0.012626
1590.328088082  9.945288  0.014927
1590.330076038  9.903328  0.024583
1590.331142328  9.918226  0.013064
1590.333669967  9.904361  0.015087
1590.335657922  9.922578  0.025287
1590.336722766  9.906388  0.013135
1590.339253298  9.910016  0.014700
1590.341249935  9.916132  0.023117
1590.342314778  9.909046  0.013430
1590.344848204  9.898989  0.014956
1590.346836159  9.925323  0.021317
1590.347902449  9.907136  0.013169
1590.350430088  9.910277  0.014434
1645.360391174  9.780200  0.012481
1645.362876822  9.771790  0.013881
1645.364834370  9.847582  0.020460
1645.365896313  9.815988  0.012606
1645.368379066  9.848290  0.013925
1645.370329380  9.787504  0.024036
1645.371388429  9.804717  0.012597
1645.373868289  9.797886  0.014276
1645.375828731  9.817423  0.020730
1645.397826133  9.817442  0.018698
1648.321759288  9.991272  0.012933
1648.324265185  9.988220  0.015856
1648.326238644  9.994395  0.037512
1648.327323735  9.986390  0.012920
1648.329822398  9.935204  0.016518
1648.331794410  9.974221  0.030515
1648.332879501  9.942290  0.012745
1648.335378164  9.945096  0.015396
1648.337350175  9.953594  0.027286
1648.338435266  9.929503  0.012801
1648.340933929  9.940693  0.016289
1648.342905941  9.916333  0.031843
1648.343991032  9.938333  0.012701
1648.346489695  9.935202  0.015432
1648.348461706  9.921183  0.022366
1648.349546797  9.927680  0.012827
1648.352045460  9.920109  0.015815
1648.354017472  9.938677  0.027659
1648.355102563  9.927610  0.012966
1648.357601225  9.921894  0.015527
1648.902521455  9.808947  0.012781
1648.905027346  9.806218  0.014810
1648.907000801  9.814835  0.026920
1648.908085891  9.815969  0.012740
1648.910584548  9.792382  0.015414
1648.912556556  9.852163  0.023719
1648.913641646  9.821174  0.012741
1648.916140303  9.808247  0.014382
1648.918112311  9.786161  0.031500
1648.919197401  9.792273  0.012654
1648.921696058  9.801823  0.014857
1648.923668066  9.804854  0.028134
1648.924753156  9.813826  0.012764
1648.927251813  9.820566  0.014674
1648.929223821  9.876760  0.027451
1648.930308911  9.841509  0.012641
1648.932807568  9.840498  0.014247
1648.934779576  9.803638  0.023595
1648.935864666  9.830524  0.012740
1648.938363323  9.834655  0.014550
1650.815648959  9.789748  0.012716
1650.818131708  9.789002  0.014578
1650.820099380  9.786077  0.020511
1650.821172896  9.782703  0.012594
1650.823654198  9.794904  0.014311
1650.825621870  9.793323  0.019259
1650.826695387  9.786171  0.012703
1650.829188263  9.784357  0.014499
1650.831145807  9.798824  0.019678
1650.832219323  9.790905  0.012917
1650.834706412  9.799714  0.014453
1650.836674084  9.808917  0.020678
1650.837747601  9.793751  0.012649
1650.840228902  9.792468  0.014569
1650.842196573  9.800400  0.020505
1650.843270090  9.788218  0.012788
1650.845762966  9.789109  0.014269
1650.847720510  9.793038  0.019492
1650.848794026  9.797845  0.012597
1650.851281115  9.797014  0.013802
1650.853248786  9.801518  0.023362
1651.396503592 10.168939  0.012944
1651.399006588 10.159721  0.015189
1651.400991616 10.163487  0.023374
1651.402086834 10.161544  0.012860
1651.404601405 10.181713  0.015600
1651.406590773 10.163384  0.024059
1651.407688884 10.187561  0.012818
1651.410193327 10.191836  0.016871
1651.412185589 10.190723  0.026124
1651.413280807 10.190309  0.012795
1651.415793931 10.184398  0.015748
1651.417778959 10.187208  0.027423
1651.418871283 10.203735  0.013138
1651.421380066 10.214979  0.016238
1651.423362200 10.190952  0.027533
1651.424453077 10.210381  0.013361
1651.426964754 10.211465  0.016618
1651.428948335 10.203518  0.027814
1651.430040659 10.210483  0.013241
1651.432553783 10.219852  0.015685
1652.873395362  9.909476  0.013474
1652.875924385  9.903777  0.014460
1652.877919529  9.900877  0.021656
1652.879024871  9.918650  0.012866
1652.881535085  9.913480  0.014815
1652.883530230  9.902284  0.021069
1652.884635572  9.904637  0.012912
1652.887154467  9.899519  0.014470
1652.889155398  9.896783  0.021095
1652.890256400  9.899970  0.013042
1652.892776742  9.878785  0.014553
1652.894771886  9.847350  0.021981
1652.895877228  9.847093  0.012462
1652.898387442  9.870264  0.014098
1652.900382586  9.882711  0.021480
1652.901487928  9.879354  0.012660
1652.904006823  9.875841  0.014200
1652.906007754  9.877549  0.024357
1652.907108755  9.876091  0.012528
1652.909629097  9.888926  0.014315
1654.229271008  9.842528  0.014239
1654.231973659  9.856007  0.015340
1654.234039705  9.858409  0.022824
1654.235237645  9.841582  0.013116
1654.237925828  9.886635  0.014596
1654.239999107  9.866039  0.022664
1654.241195600  9.849656  0.013596
1654.243882336  9.851311  0.015227
1654.245952722  9.865742  0.026090
1654.247150662  9.851820  0.013189
1654.249844632  9.854088  0.015005
1654.251910677  9.846291  0.020104
1654.253108617  9.844501  0.013596
1654.255796800  9.848614  0.015570
1654.257870079  9.844255  0.022029
1654.259066572  9.836058  0.013041
1654.261753308  9.836703  0.015460
1654.263823694  9.852855  0.023050
1654.265021634  9.832688  0.013476
1654.436676657  9.830453  0.012708
1654.439168072  9.842083  0.013979
1654.441140074  9.846051  0.021771
1654.442222268  9.840046  0.012743
1654.444715130  9.837218  0.014251
1654.446684238  9.850793  0.022039
1654.447760645  9.834200  0.012896
1654.450254954  9.831627  0.014106
1654.452222615  9.852210  0.020936
1654.453296129  9.833301  0.013020
1654.455788990  9.838287  0.014595
1654.458830165  9.840058  0.012733
1654.461321580  9.842133  0.014419
1654.463290688  9.823543  0.024103
1654.464364202  9.836663  0.012773
1654.466854170  9.823686  0.014600
1654.468826171  9.850326  0.021701
1654.469908366  9.845575  0.013090
1654.472401227  9.843411  0.014756
1656.716002316 10.052278  0.013316
1656.718612372 10.062614  0.015036
1656.720607525 10.055656  0.023065
1656.721736019 10.059646  0.012722
1656.724353309 10.070276  0.015607
1656.726348461 10.084732  0.025754
1656.727476955 10.060699  0.013149
1656.730094245 10.070636  0.015830
1656.732089397 10.060559  0.025022
1656.733217891 10.064659  0.012921
1656.735835180 10.071259  0.014766
1656.737830333 10.063248  0.025063
1656.738958826 10.074501  0.013057
1656.741576116 10.071518  0.015082
1656.743571269 10.095543  0.028402
1656.744699762 10.077775  0.012910
1656.747317051 10.078187  0.015500
1656.749312204 10.108601  0.025074
1656.750440697 10.089883  0.013583
1656.753057987 10.093915  0.016090
1658.609308565 10.479382  0.014089
1658.611934514 10.471831  0.021399
1658.613941225 10.448780  0.033502
1658.615089969 10.453432  0.013683
1658.617726045 10.461533  0.019980
1658.619738543 10.433556  0.035660
1658.620882947 10.441271  0.013969
1658.623508895 10.457368  0.018175
1658.625515606 10.431209  0.031087
1658.626664350 10.432350  0.013780
1658.629300425 10.441672  0.018210
1658.631312924 10.419324  0.029178
1658.632457327 10.400260  0.013664
1658.635083275 10.413658  0.018165
1658.637089986 10.333849  0.027554
1658.638238730 10.381588  0.013674
1658.640874806 10.395931  0.017655
1658.642887304 10.356427  0.027867
1658.644031707 10.365975  0.014033
1658.646657655 10.365759  0.016634
1658.775424029 10.104302  0.013540
1658.778049975 10.101710  0.016093
1658.780056685 10.113995  0.024967
1658.781205429 10.089585  0.012820
1658.783841502 10.088749  0.014956
1658.785853999 10.082973  0.023080
1658.786998402 10.079445  0.012769
1658.789624348 10.090974  0.016282
1658.791631057 10.071665  0.022759
1658.792779801 10.062971  0.012701
1658.795415874 10.065459  0.016385
1658.797428371 10.052895  0.023640
1658.798572774 10.060203  0.013052
1658.801198720 10.045495  0.015183
1658.803205429 10.021138  0.028379
1658.804354172 10.053534  0.012851
1658.806990246 10.052957  0.015152
1658.809002742 10.039427  0.023679
1658.810147145 10.046064  0.012966
1658.812773091 10.042637  0.014988
1663.485090666  9.905444  0.013010
1663.487576272  9.909925  0.014071
1663.489520769  9.930620  0.021099
1663.490597173  9.913953  0.013117
1663.493094353  9.918961  0.014663
1663.495030169  9.924758  0.020953
1663.496100785  9.913262  0.013267
1663.498592178  9.928213  0.014105
1663.500530888  9.932049  0.025583
1663.501604398  9.914832  0.012784
1663.504097238  9.927251  0.015047
1663.506028714  9.942807  0.023992
1663.507103670  9.925819  0.012824
1663.509596510  9.926184  0.014866
1663.511533773  9.948191  0.022784
1663.512608729  9.928772  0.013330
1663.515104463  9.930928  0.014938
1663.517041726  9.945752  0.021337
1663.518118129  9.930406  0.012900
1663.520606628  9.951225  0.014209
1663.522548231  9.933257  0.023895
1663.692763725 10.153503  0.013944
1663.694583794 10.148771  0.013255
1663.695644305 10.152874  0.016816
1663.697911435 10.164428  0.025016
1663.699201964 10.148608  0.013309
1663.701022033 10.152836  0.012830
1663.702081096 10.165647  0.017295
1663.704349674 10.174272  0.032385
1663.705638756 10.148708  0.013660
1663.707458824 10.155724  0.012905
1663.708519335 10.172711  0.016934
1663.710782125 10.174796  0.032448
1663.712072654 10.159900  0.013706
1663.713892722 10.158872  0.013616
1663.714951786 10.160509  0.019360
1663.717220364 10.175342  0.035357
1663.718509446 10.158826  0.013647
1663.720329514 10.155009  0.013394
1663.721390024 10.161667  0.015917
1663.723652815 10.199242  0.028050
1663.724943343 10.163849  0.013406
1663.726763411 10.160835  0.013074
1663.727822475 10.163758  0.015938
1663.730091053 10.197201  0.035454
1663.858878922 10.179950  0.014663
1663.860698989 10.188081  0.013177
1663.861759499 10.186169  0.018631
1663.864026629 10.180196  0.028574
1663.865317157 10.171904  0.014748
1663.867137224 10.176618  0.013501
1663.868196287 10.183615  0.019562
1663.870464864 10.183536  0.027163
1663.871753945 10.170751  0.014540
1663.873574013 10.160680  0.014699
1663.874634522 10.165800  0.019361
1663.876897312 10.173713  0.030690
1663.878187840 10.163849  0.014671
1663.880007907 10.160603  0.013810
1663.881066970 10.169951  0.017530
1663.883335546 10.190398  0.030992
1663.884624628 10.153943  0.014321
1663.886444695 10.153879  0.013356
1663.887505205 10.157815  0.016484
1663.889767994 10.120125  0.028220
1663.891058522 10.146480  0.014099
1663.892878589 10.149862  0.013545
1663.893937652 10.144287  0.017621
1663.896206228 10.159638  0.028388
1664.084934684  9.908098  0.012997
1664.087460795  9.917541  0.014103
1664.089434223  9.948742  0.025898
1664.090538115  9.910384  0.012959
1664.093054098  9.905991  0.014617
1664.095033314  9.936478  0.021088
1664.096138652  9.900303  0.013031
1664.098664762  9.923591  0.014453
1664.100638191  9.879413  0.022249
1664.101742082  9.876458  0.012746
1664.104258065  9.875566  0.014807
1664.106237281  9.871728  0.022563
1664.107342619  9.870683  0.013597
1664.109868729  9.889613  0.015174
1664.111842158  9.912030  0.023019
1664.112946049  9.881740  0.013269
1664.115462032  9.909378  0.014711
1664.117441248  9.884656  0.020662
1664.118546586  9.885675  0.013024
1664.121072696  9.882093  0.015964
1669.824020759  9.853153  0.012633
1669.825780052  9.853639  0.012781
1669.826823193  9.852475  0.015168
1669.829030992  9.875534  0.022260
1669.830267985  9.863222  0.013029
1669.832027278  9.874417  0.012771
1669.833067525  9.885941  0.014202
1669.836512318  9.872675  0.012893
1669.838270164  9.863508  0.012977
1669.839311858  9.885934  0.016063
1669.841522550  9.916755  0.023480
1669.842760990  9.866867  0.013335
1669.844518837  9.863340  0.013078
1669.845559084  9.885657  0.015879
1669.847766883  9.892948  0.021060
1669.849003876  9.881280  0.013113
1669.850761722  9.880770  0.012934
1669.851807756  9.894216  0.014453
1669.854015555  9.888105  0.026888
1669.855252549  9.877572  0.012953
1669.857010395  9.877417  0.013150
1669.858052089  9.867811  0.014555
1669.860258441  9.883884  0.022241
1670.049865575  9.866547  0.012831
1670.052617369  9.864410  0.014273
1670.054699296  9.866307  0.021997
1670.055862502  9.871333  0.012842
1670.058618636  9.869714  0.014061
1670.060702010  9.863283  0.022746
1670.061866664  9.873232  0.012716
1670.064621351  9.869083  0.014418
1670.066704725  9.875502  0.021236
1670.067869378  9.868209  0.012884
1670.070624065  9.875403  0.014318
1670.072707439  9.887143  0.021016
1670.073872092  9.870516  0.013095
1670.076631120  9.867497  0.014843
1670.079890721  9.867703  0.012791
1670.082649749  9.870810  0.014860
1670.084744697  9.874811  0.020536
1670.085909350  9.873748  0.012964
1670.273843862  9.855217  0.012934
1670.276449529  9.861037  0.014419
1670.278511199  9.868694  0.023943
1670.279680192  9.853754  0.013136
1670.282287305  9.862277  0.014813
1670.284348975  9.854405  0.022681
1670.285517968  9.860626  0.013352
1670.288120741  9.855173  0.014674
1670.290182411  9.870809  0.020549
1670.291351404  9.856183  0.012794
1670.293954177  9.863304  0.014420
1670.296015847  9.865887  0.021239
1670.297184840  9.855055  0.012960
1670.299787613  9.872304  0.014353
1670.301849283  9.866434  0.020717
1670.303018276  9.856301  0.012868
1670.305621048  9.863548  0.015019
1670.307682718  9.863796  0.020679
1670.308851711  9.857041  0.013351
1768.897391764  9.869959  0.023156
1768.898042783  9.828727  0.013273
1768.901316608  9.843769  0.020712
1768.901974861  9.826194  0.013478
1768.905248686  9.818605  0.020477
1768.905899705  9.813229  0.012946
1768.909176423  9.810998  0.021231
1768.909831782  9.817944  0.012981
1768.913099821  9.829688  0.020524
1768.913752286  9.801866  0.012947
1768.917026111  9.798265  0.020174
1768.917682917  9.797275  0.012935
1768.920953849  9.776103  0.020641
1768.921609208  9.801621  0.013123
1768.924890266  9.806303  0.020126
1768.925541285  9.815915  0.013367
1768.928815110  9.819441  0.021352
1768.929473362  9.815493  0.013139
1770.563673531  9.873627  0.024671
1770.564428713  9.875486  0.014163
1770.567905087  9.870522  0.027583
1770.568655929  9.872979  0.013398
1770.572127963  9.853337  0.021818
1770.572878804  9.865755  0.013347
1770.576346498  9.899980  0.022644
1770.577097340  9.875435  0.013276
1770.580578054  9.904959  0.023058
1770.581331789  9.883380  0.013499
1770.584803822  9.901962  0.024792
1770.585554664  9.886169  0.013694
1770.589026697  9.906527  0.021163
1770.589781879  9.894360  0.013590
1770.593262593  9.892765  0.021189
1770.594016328  9.885879  0.013936
1770.597488361  9.909275  0.023638
1770.598239203  9.891133  0.013203
1770.762045881  9.909466  0.021986
1770.763054232  9.905847  0.013302
1770.767041283  9.885200  0.022908
1770.768053974  9.896093  0.014120
1770.772041024  9.860379  0.023901
1770.773053715  9.864771  0.014534
1770.777040765  9.907525  0.032640
1770.778053456  9.868866  0.013543
1770.782040506  9.902342  0.027325
1770.783053198  9.881008  0.013360
1770.787040247  9.876086  0.022720
1770.788052939  9.890184  0.013307
1770.792039988  9.875530  0.026608
1770.793052680  9.873740  0.013568
1770.797039729  9.902298  0.022365
2323.948773810 10.129509  0.023637
2323.949678074 10.108534  0.014293
2323.953458689 10.131659  0.029215
2323.954357165 10.105689  0.013635
2323.958123311 10.129286  0.022826
2323.959030469 10.090352  0.013627
2323.962811083 10.130764  0.023481
2323.963709560 10.111475  0.013645
2323.967475706 10.134856  0.024946
2323.968382863 10.131637  0.014001
2324.047321178 10.265823  0.028379
2324.048200845 10.266743  0.014307
2324.051927925 10.291829  0.029937
2324.052807592 10.276428  0.014454
2324.056534672 10.263691  0.026961
2324.057414339 10.271528  0.014447
2324.061151547 10.294135  0.029585
2324.062031214 10.322101  0.014713
2324.065765528 10.325823  0.027198
2324.066645195 10.335644  0.015354
2328.410704205  9.827894  0.023303
2328.411596891  9.828986  0.013639
2328.415347105  9.860551  0.021742
2328.416239791  9.828310  0.013712
2328.419992899  9.846837  0.021801
2328.420888479  9.834179  0.014031
2328.424640140  9.829195  0.021321
2328.425531379  9.817621  0.014063
2328.429293168  9.828709  0.021672
2328.430188748  9.812932  0.014531
2398.673500451  9.921893  0.023530
2398.674488605  9.925178  0.014504
2398.678432564  9.942390  0.023540
2398.679426504  9.932498  0.015151
2398.683376251  9.939207  0.026279
2398.684368745  9.920508  0.013952
2398.688304023  9.959327  0.021456
2398.689287836  9.913967  0.014231
2398.693231794  9.939539  0.025548
2398.944086490 10.021450  0.027615
2398.944987836 10.014747  0.014335
2398.948745154 10.004744  0.026572
2398.949640712 10.013419  0.014590
2398.953398030 10.052222  0.028286
2398.954293588 10.022423  0.014655
2398.958052353 10.037197  0.024330
2398.958949358 10.025377  0.013924
2398.962708122 10.018493  0.030295
2398.963606574 10.029163  0.014631
2399.042413208 10.073181  0.024798
2399.043292851 10.077453  0.013976
2399.047011104 10.085814  0.025108
2399.047879173 10.062079  0.014098
2399.051580065 10.061735  0.022929
2399.052459708 10.097375  0.014456
2399.056177961 10.136452  0.024134
2399.057046030 10.130003  0.014639
2399.060746922 10.126666  0.027479
2399.061626565 10.148001  0.014266
2416.684090484 10.046147  0.024401
2416.684997606 10.028312  0.013704
2416.688780904 10.032911  0.024841
2416.689688027 10.027782  0.013503
2416.693469878 10.041894  0.022804
2416.694374107 10.021261  0.013962
2416.698148724 10.030040  0.027273
2416.699055846 10.014499  0.013976
2416.702839144 10.027758  0.024128
2416.703741926 10.018059  0.013464
2422.392310856  9.931707  0.027623
2422.393314909  9.951515  0.013448
2422.397287718  9.981361  0.026861
2422.398287430  9.940250  0.014004
2422.402254451  9.905981  0.027510
2422.403258504  9.916170  0.013905
2422.407226972  9.901643  0.022878
2422.408226684  9.913236  0.013530
2422.412195152  9.915438  0.026454
2422.413194864  9.888551  0.013540
2422.417161886  9.935899  0.022904
2422.418165938  9.915202  0.013792
2422.422134406  9.920705  0.022979
2422.423134118  9.923504  0.014637
2422.427102585  9.921057  0.022718
2422.428102297  9.924931  0.013587
2422.905845526  9.965557  0.029193
2422.906771452  9.938822  0.014418
2422.910576425  9.943208  0.028752
2422.911493670  9.843660  0.013737
2422.915298644  9.970812  0.025901
2422.916215889  9.855536  0.013628
2422.920020863  9.937919  0.025311
2422.920938108  9.852128  0.013663
2422.924743081  9.965651  0.030969
2422.925660326  9.875530  0.013915
2422.929465300  9.858956  0.023173
2422.930382545  9.880110  0.013705
2422.934187518  9.968303  0.029006
2422.935104763  9.861972  0.013990
2422.938909736  9.854378  0.026022
2422.939826981  9.864224  0.014001
2422.943631954  9.876255  0.023405
2423.204859898  9.919412  0.024039
2423.205733740  9.925623  0.013734
2423.209450457  9.938064  0.025616
2423.210328639  9.937982  0.013479
2423.214054036  9.921029  0.022416
2423.214933665  9.932407  0.013720
2423.218669190  9.902615  0.022479
2423.219548818  9.930024  0.013628
2423.223275662  9.933640  0.029229
2423.224155291  9.933088  0.014003
2423.227876348  9.917806  0.025898
2423.228754530  9.923677  0.013462
2423.232479927  9.954549  0.024456
2423.233359556  9.934090  0.013449
2423.237095080  9.927010  0.027255
2423.237974709  9.936266  0.014077
2423.241701553  9.935757  0.030812
2423.242581181  9.932003  0.013427
2423.290314011 10.011005  0.025614
2423.291261637 10.001998  0.014062
2423.295120135 10.018853  0.025859
2423.296063421 10.005360  0.014599
2423.299919025 10.023031  0.024817
2423.300863758 10.002558  0.013950
2423.304717915 10.036688  0.022692
2423.305665541 10.016226  0.014933
2423.309521146 10.037144  0.023454
2423.310461538 10.020011  0.014453
2423.314322929 10.054338  0.024175
2423.315263321 10.024221  0.014487
2423.319118925 10.055501  0.026217
2423.320062211 10.034531  0.014955
2423.323916368 10.066097  0.027426
2423.324859654 10.031785  0.014588
2423.328715258 10.052394  0.024713
2423.564733148 10.141679  0.025602
2423.565677880 10.110535  0.013972
2423.569520460 10.111567  0.026699
2423.570459404 10.101338  0.013663
2423.574317899 10.099494  0.022545
2423.575258290 10.101559  0.013570
2423.579109550 10.118335  0.026313
2423.580049942 10.090533  0.015719
2423.583892522 10.103449  0.025376
2423.584831466 10.071842  0.013653
2423.588674046 10.104478  0.024433
2423.589611544 10.076210  0.013981
2423.593461357 10.104377  0.023718
2423.594401749 10.083396  0.013822
2423.598244328 10.066004  0.026045
2423.599183273 10.058329  0.013777
2423.603025852 10.101434  0.024110
2423.608333996 10.044365  0.013743
2423.612101344 10.100308  0.027322
2423.612996886 10.040636  0.014410
2423.616758447 10.027997  0.022549
2423.617653989 10.029616  0.013858
2423.621419890 10.060951  0.024401
2423.622315432 10.025598  0.014804
2423.626082780 10.067601  0.024361
2423.626978322 10.022531  0.014397
2423.630739883 10.039058  0.023476
2423.631635425 10.017176  0.014868
2423.635401326 10.029311  0.024279
2423.636296868 10.014780  0.014385
2423.640064216 10.022040  0.024959
2423.640959757 10.017230  0.015200
2423.644721318 10.026833  0.022537
2423.906237981 10.012093  0.029703
2423.907231901  9.968063  0.013485
2423.911181536 10.015838  0.026178
2423.912169670  9.958346  0.014061
2423.916113517 10.009005  0.023716
2423.917101651  9.960518  0.013447
2423.921045499  9.985020  0.032799
2423.922033632  9.959464  0.014586
2423.925981820  9.994483  0.024550
2423.926972847  9.950929  0.013768
2423.930908014  9.968234  0.022738
2423.931891807  9.952010  0.013577
2423.935835655 10.002381  0.026646
2423.936823788  9.947585  0.014320
2423.940767636  9.983270  0.023438
2423.941755769  9.941348  0.013833
2424.205084933  9.847729  0.021385
2424.206032556  9.832837  0.013379
2424.209888148  9.838390  0.027023
2424.210835771  9.830627  0.013676
2424.214689916  9.834338  0.024817
2424.215631752  9.831959  0.013601
2424.219493131  9.850257  0.023385
2424.220434967  9.823756  0.013717
2424.224289112  9.855780  0.021604
2424.225232395  9.825022  0.013412
2424.229074965  9.849560  0.022556
2424.230015355  9.833658  0.013645
2424.233869499  9.848866  0.020059
2424.234817123  9.843947  0.013165
2424.238671267  9.842244  0.020505
2424.239613104  9.821729  0.013680
2424.243474481  9.832665  0.023679
2424.333374144  9.918180  0.022746
2424.334253770  9.919187  0.013369
2424.337973364  9.899761  0.021260
2424.338850097  9.918514  0.014561
2424.342572585  9.926423  0.020830
2424.343447870  9.933216  0.013841
2424.347173252  9.958201  0.024243
2424.348049984  9.916433  0.013520
2424.351769579  9.962468  0.023276
2424.352646311  9.933258  0.014052
2424.356368799  9.948400  0.023053
2424.357244085  9.851796  0.013496
2424.360969466  9.949069  0.024103
2424.361846198  9.854777  0.013927
2424.365565792  9.842701  0.023877
2424.366442525  9.925978  0.014354
2424.370165012  9.936402  0.024096
2424.371040298  9.857434  0.013997
2470.012006116  9.935134  0.025922
2470.012966738  9.897408  0.013844
2470.016849693  9.901925  0.023784
2470.017814655  9.906079  0.013759
2470.021699056  9.920024  0.029833
2470.022655338  9.908730  0.013677
2470.026545525  9.942535  0.027166
2470.027507594  9.937891  0.014889
2470.031405014  9.941037  0.025528
2470.032369976  9.935534  0.014521
2470.036257269  9.943850  0.025174
2470.037219338  9.929211  0.013678
2470.041108078  9.948556  0.028753
2470.042073040  9.909181  0.013864
2470.045957439  9.906736  0.025063
2470.046913721  9.899630  0.013553
2470.268135199 10.033176  0.025727
2470.269059652 10.023492  0.014388
2470.272874601 10.030141  0.026565
2470.273797607 10.010743  0.013706
2470.277612556 10.007056  0.023722
2470.278535562 10.009114  0.014052
2470.282350511 10.058998  0.024400
2470.283274964 10.024967  0.014239
2470.287088466 10.056656  0.023702
2470.288012919 10.035161  0.014217
2470.291832208 10.066915  0.022312
2470.292750874 10.048025  0.014164
2470.296568716 10.098087  0.026124
2470.297488829 10.061359  0.014426
2470.301299437 10.074079  0.023375
2470.302222443 10.080509  0.014736
2470.306037392 10.092141  0.024616
2470.481432762 10.542831  0.039353
2470.482400615 10.540076  0.016945
2470.486303808 10.558616  0.038166
2470.487271661 10.560511  0.016955
2470.491182088 10.554527  0.039212
2470.492154281 10.564044  0.019682
2470.496057475 10.550649  0.033512
2470.497025328 10.570250  0.016118
2470.500932861 10.571971  0.040455
2470.501900714 10.582766  0.019030
2470.505811141 10.615231  0.038024
2470.506783334 10.586163  0.016612
2470.510686527 10.640179  0.033303
2470.511654380 10.586927  0.021521
2470.515561913 10.595056  0.038988
2470.516529766 10.593564  0.017217
2470.909096392  9.929192  0.025881
2470.910016502  9.883254  0.014060
2470.913831440  9.895032  0.020392
2470.914755891  9.877927  0.014295
2470.918572276  9.916519  0.021844
2470.919493833  9.871305  0.013810
2470.923311664  9.901493  0.024672
2470.924231775  9.867974  0.013955
2470.928046713  9.913644  0.022513
2470.928969717  9.870832  0.013851
2470.932780314  9.913944  0.021347
2470.933704765  9.877370  0.014497
2470.937518256  9.920905  0.023516
2470.938441260  9.877213  0.013480
2470.942256198  9.901090  0.024782
2470.943180649  9.869654  0.013644
2470.946997033  9.906056  0.019849
2471.165201224  9.868375  0.022254
2471.166164735  9.834793  0.013854
2471.170060685  9.867093  0.024452
2471.171024196  9.828050  0.014318
2471.174918699  9.840873  0.020830
2471.175879317  9.828422  0.013327
2471.179773820  9.872081  0.024094
2471.180738778  9.827384  0.013659
2471.184636174  9.859198  0.022398
2471.185601132  9.819812  0.014744
2471.189495634  9.838237  0.027271
2471.190460592  9.836968  0.014164
2471.194357988  9.881698  0.022087
2471.195322946  9.814523  0.014373
2471.199217449  9.861963  0.030485
2471.200182406  9.841323  0.014065
2471.822879895  9.913471  0.021690
2471.823875232  9.875751  0.013587
2471.827833381  9.894367  0.025802
2471.828830165  9.875292  0.014139
2471.832792654  9.909669  0.022235
2471.833789438  9.871732  0.013534
2471.837749033  9.877982  0.022101
2471.838745817  9.874058  0.013817
2471.842712646  9.879597  0.020878
2471.843712323  9.860174  0.014115
2471.847671918  9.861419  0.023100
2471.848671595  9.843133  0.014329
2471.852631191  9.854929  0.022878
2471.853627974  9.855607  0.013780
2471.857587569  9.866271  0.022169
2471.858587246  9.866341  0.013434
2895.664842920 10.533136  0.035170
2895.665725409 10.535811  0.016740
2895.669447715 10.556726  0.037059
2895.670322971 10.544704  0.015740
2895.674040937 10.566966  0.040306
2895.674916193 10.543542  0.014999
2895.678641392 10.591512  0.035824
2895.679520988 10.567462  0.015265
2895.683243294 10.584445  0.041171
2895.684118550 10.572767  0.016681
2898.921295226 10.048460  0.029401
2898.922238477 10.020888  0.014996
2898.926089539 10.012677  0.032079
2898.927034236 10.017926  0.015589
2898.930889638 10.011046  0.027734
2898.931831442 10.025382  0.015885
2898.935678164 10.025943  0.031302
2898.936617074 10.027980  0.014607
2898.940460903 10.012893  0.031439
2899.641778285  9.892937  0.021083
2899.642672347  9.875947  0.013227
2899.646438049  9.880017  0.021698
2899.647333558  9.872514  0.013815
2899.651099259  9.862182  0.021182
2899.651996214  9.863506  0.013361
2899.655773489  9.877783  0.020223
2899.656668998  9.869261  0.013316
2899.660434699  9.856922  0.022224
2899.661330208  9.857506  0.013653
2899.666406603  9.851943  0.024815
2899.667309345  9.835981  0.013422
2899.671079386  9.863410  0.023212
2899.671979235  9.841710  0.013934
2899.675759403  9.845685  0.022062
2899.676660698  9.861343  0.013712
2899.680430739  9.877923  0.021528
2899.681330588  9.862917  0.013602
2899.685110756  9.892203  0.023423
2899.686012051  9.874118  0.013435
2901.813072097  9.813662  0.023552
2901.813906847  9.814465  0.013263
2901.817548145  9.816768  0.023538
2901.818387235  9.807580  0.013439
2901.822025640  9.823269  0.022010
2901.822864730  9.809114  0.013779
2901.826513262  9.805767  0.021787
2901.827349458  9.808859  0.013755
2901.830989310  9.800046  0.027191
2901.831829847  9.772052  0.013498
2901.837644068  9.796006  0.022926
2901.838571406  9.794212  0.014073
2901.842379073  9.824695  0.023527
2901.843306411  9.805519  0.013427
2907.725175148 10.048450  0.026613
2907.726054747 10.036333  0.014649
2907.729781412 10.046236  0.024394
2907.730661011 10.048115  0.014237
2907.734389122 10.058054  0.027283
2907.735268722 10.046941  0.013685
2907.738993939 10.072443  0.024447
2907.739873538 10.051266  0.013903
2907.743600203 10.079576  0.027593
2907.744479802 10.070850  0.015359
2907.749803613 10.003303  0.021810
2907.750680319 10.008969  0.014356
2907.754401197 10.012508  0.023668
2907.755273562 10.011614  0.013885
2907.758991546 10.005433  0.024720
2907.759868252 10.011619  0.014396
2907.763587683 10.014810  0.025331
2907.764464389 10.038711  0.014707
2907.768185266 10.058561  0.026445
2907.769060525 10.050517  0.015105
2909.060079720  9.856523  0.022907
2909.061020078  9.837506  0.013777
2909.064862465  9.853723  0.022347
2909.065801377  9.851364  0.013915
2909.069643764  9.866211  0.019991
2909.070579781  9.849432  0.013635
2909.074413488  9.824460  0.022719
2909.075348059  9.845738  0.014003
2909.079184660  9.846251  0.022628
3057.178164337  9.795101  0.023807
3057.179006386  9.811129  0.013699
3057.182664011  9.840839  0.021468
3057.183506059  9.823509  0.013573
3057.187156450  9.817946  0.021328
3057.187999945  9.832038  0.013772
3057.191645995  9.861299  0.023675
3057.192488043  9.835797  0.013711
3057.196138434  9.856813  0.025092
3057.196981929  9.843779  0.014071
3058.363338723  9.836714  0.022951
3058.364227068  9.810248  0.013222
3058.367961362  9.847915  0.025885
3058.368848261  9.802923  0.013241
3058.372591236  9.834226  0.023294
3058.373478134  9.797260  0.014032
3058.377221109  9.813994  0.021866
3058.378108007  9.805359  0.013380
3058.381850983  9.832979  0.024563
3058.382737881  9.793343  0.013611
3060.119556972  9.831088  0.020328
3060.120400467  9.841381  0.013608
3060.124058092  9.855989  0.020321
3060.124903034  9.830337  0.013049
3060.128560660  9.807279  0.020792
3060.129402708  9.827571  0.013368
3060.133060333  9.838422  0.019914
3060.133908169  9.826056  0.013275
3060.137565794  9.829089  0.021760
3060.138412183  9.833172  0.013074
3061.313879728 10.092561  0.024202
3061.314768073 10.055744  0.014348
3061.318509601 10.074616  0.028818
3061.319397946 10.056125  0.013855
3061.323139475 10.027739  0.022530
3061.324027820 10.036857  0.013518
3061.327769348 10.054149  0.022826
3061.328657693 10.038884  0.013374
3061.332399222 10.059894  0.022559
3061.333287567 10.038808  0.013624
3062.781565573 10.131409  0.025646
3062.782352642 10.119634  0.013949
3062.785890184 10.129301  0.028420
3062.786677253 10.125814  0.013861
3062.790222028 10.126065  0.022406
3062.791009097 10.146438  0.014040
3062.794546639 10.154468  0.025817
3062.795333708 10.150540  0.013953
3062.798869802 10.157815  0.026209
3062.799652531 10.167234  0.015146
3228.669852635 10.089574  0.023408
3228.670859536 10.073113  0.013964
3228.674839335 10.095769  0.022989
3228.675843342 10.081536  0.013815
3228.679818801 10.067022  0.028882
3228.680827149 10.067536  0.013634
3228.684804054 10.050406  0.025053
3228.685810955 10.048411  0.013640
3228.689782073 10.096159  0.023653
3228.963373372  9.878180  0.022112
3228.964186418  9.879533  0.013613
3228.967781396  9.885234  0.020749
3228.968595889  9.878782  0.013691
3228.972185080  9.892002  0.024928
3228.972996679  9.875305  0.013856
3228.976588764  9.896645  0.021779
3228.977407597  9.893237  0.013544
3228.981005468  9.894445  0.022730
3228.981819961  9.889224  0.014372
3234.511405250  9.907997  0.025080
3234.512384664  9.867434  0.013646
3234.516326846  9.893331  0.021491
3234.517310600  9.829026  0.013300
3234.521252782  9.860566  0.021557
3234.522236536  9.841364  0.013494
3234.526171484  9.843838  0.023040
3234.527150898  9.853678  0.013351
3234.531085846  9.829661  0.023968
3235.240803137  9.924861  0.021313
3235.241720342  9.912096  0.013697
3235.245513506  9.913913  0.021398
3235.246424925  9.923758  0.014782
3235.250219535  9.969959  0.027249
3235.251130953  9.938108  0.013904
3235.254925564  9.969648  0.023733
3235.255836982  9.953707  0.014861
3235.259634486  9.993716  0.022122
3235.260547351  9.971212  0.014369
3237.160302055 10.488099  0.032742
3237.161165735 10.475588  0.015155
3237.164859091 10.484977  0.030563
3237.165722771 10.495921  0.015258
3237.169420467 10.511386  0.036541
3237.170287041 10.489329  0.016691
3237.173984737 10.535653  0.034015
3237.174855650 10.508207  0.016203
3237.178553346 10.462656  0.029603
3237.179421366 10.514940  0.015937
3237.184756701 10.519628  0.029683
3237.185652208 10.534123  0.015741
3237.189401985 10.517226  0.033775
3237.190298938 10.537382  0.018062
3237.194048714 10.583102  0.037788
3237.194947114 10.541000  0.016763
3237.198696891 10.557590  0.029498
3237.199589504 10.581374  0.018818
3237.203339280 10.553164  0.031354
3237.204230447 10.568549  0.015883
3240.652362054 10.455070  0.038685
3240.653331341 10.461074  0.015249
3240.657234459 10.478735  0.034010
3240.658206638 10.479959  0.016223
3240.662115543 10.488955  0.032667
3240.663087722 10.496500  0.014736
3240.666996627 10.513806  0.034832
3240.667960127 10.495703  0.014731
3240.671863244 10.519033  0.032992
3243.312565213  9.825361  0.021277
3243.313509906  9.802568  0.013170
3245.965019666 10.172451  0.027039
3245.965850072 10.152745  0.014856
3245.969471096 10.194350  0.025826
3245.970302949 10.172628  0.014523
3245.973925419 10.183033  0.026211
3245.974754379 10.178115  0.014861
3245.978376848 10.203408  0.023021
3245.979202915 10.170690  0.014465
3245.982834065 10.195745  0.025271
3245.983658685 10.155389  0.014577
3246.498458848  9.853661  0.023092
3246.499332654  9.854868  0.013530
3246.503056386  9.851975  0.027144
3246.503935978  9.846777  0.013661
3246.507658263  9.878763  0.025390
3246.508537856  9.848205  0.013780
3246.512263035  9.864002  0.022269
3246.513142627  9.856514  0.013806
3246.516867806  9.856129  0.022619
3246.517747398  9.851061  0.013775
3247.180542964  9.892544  0.031372
3247.181448595  9.865438  0.014424
3247.185221505  9.883839  0.028780
3247.186121349  9.892435  0.015227
3247.189894259  9.929041  0.032185
3247.190799891  9.905239  0.014233
3247.194572800  9.916655  0.023066
3247.195472645  9.905776  0.014831
3247.199245554  9.914031  0.029873
3247.200151186  9.899974  0.014030
3283.924618460  9.880342  0.020684
3283.925522660  9.873408  0.014058
3283.929292763  9.892855  0.023510
3283.930196962  9.876445  0.013539
3283.933969959  9.909432  0.021183
3283.934874158  9.896823  0.013539
3283.939548460  9.881106  0.013476
3283.943321456  9.898169  0.020902
3283.944225656  9.887389  0.014103
3418.549473634 10.306393  0.033988
3418.550341727 10.311965  0.015784
3418.554035534 10.302099  0.032556
3418.554899287 10.306113  0.016497
3418.558601775 10.247557  0.027591
3418.559464081 10.296084  0.019215
3418.563162228 10.281924  0.027595
3418.564030321 10.280052  0.015466
3418.567724128 10.294795  0.026441
3418.568595115 10.255912  0.016006
3419.903276065  9.928060  0.021392
3419.904092069  9.913537  0.015755
3419.907681683  9.937516  0.023859
3419.908489006  9.920338  0.014996
3419.912084408  9.949733  0.023415
3419.912897518  9.922482  0.015782
3419.916487133  9.916009  0.021925
3419.917300243  9.935581  0.014632
3419.920898539  9.967660  0.024047
3419.921710202  9.934499  0.014671
3421.727072067 10.106936  0.024642
3421.727985012 10.101563  0.013533
3421.731782987 10.127505  0.026337
3421.732703166 10.110518  0.013795
3421.736505482 10.133698  0.025488
3421.737425661 10.107012  0.014582
3421.741227976 10.129413  0.023803
3421.742148155 10.137749  0.013781
3421.745950471 10.147124  0.023630
3421.746870650 10.149795  0.013982
3425.655392022 10.044533  0.024527
3425.656430839 10.002282  0.013356
3425.660476210 10.009136  0.024122
3425.661509240  9.997467  0.013557
3425.665551717 10.008351  0.022497
3425.666586194  9.984984  0.013685
3425.670628671 10.034333  0.022291
3425.671667488  9.979244  0.013510
3428.855541095 10.484513  0.036374
3428.856375907 10.447476  0.015617
3428.860029182 10.466671  0.032383
3428.860865442 10.438103  0.014417
3428.864498461 10.509664  0.031444
3428.865341954 10.458211  0.015511
3428.868986548 10.477431  0.033247
3428.869818467 10.452216  0.014872
3428.873471741 10.464704  0.033728
3428.874310894 10.463315  0.015023