1164.278666766 10.021237  0.012684
1164.281378294  9.969856  0.015034
1164.283470521  9.965208  0.024923
1164.284726379  9.983585  0.012604
1164.287449481 10.015124  0.015161
1164.289543155 10.019302  0.024227
1164.290813482 10.012435  0.012604
1164.293527904 10.004794  0.015395
1164.295617237  9.986109  0.026172
1173.493395992 10.585138  0.013708
1173.495952697 10.590422  0.017758
1173.497972575 10.589318  0.038326
1173.499164769 10.585937  0.013888
1173.501727261 10.599616  0.019213
1173.503745693 10.600102  0.037082
1173.504937887 10.591237  0.013781
1173.507498932 10.587982  0.018090
1173.509524598 10.566341  0.030498
1173.510712451 10.559802  0.013404
1173.874745814 10.074767  0.012859
1173.877487720 10.061148  0.015472
1173.879500364 10.033038  0.024816
1173.880686770 10.068844  0.012693
1173.883430123 10.085842  0.014948
1173.885448554 10.058618  0.030083
1173.886629173 10.077066  0.012947
1173.889372526 10.071995  0.014832
1173.891386616 10.074120  0.025617
1316.987945389 10.466191  0.013410
1316.990484225 10.452573  0.017291
1316.992490717 10.442734  0.029688
1316.993661096 10.447819  0.013196
1316.996205718 10.438227  0.016433
1316.998216550 10.454551  0.030998
1316.999389822 10.432571  0.012873
1317.001931551 10.432298  0.016050
1317.003933703 10.408705  0.033951
1317.005109868 10.410509  0.013034
1317.153420212 10.069954  0.012680
1317.156251270 10.058347  0.014827
1317.158315628 10.067935  0.024127
1317.159558339 10.069959  0.012883
1317.162393737 10.082578  0.015624
1317.164455201 10.095963  0.026676
1317.165702252 10.066836  0.012716
1317.168536204 10.069673  0.015345
1317.170599114 10.086833  0.023466
1317.544347760 10.005867  0.012734
1317.547086231  9.995889  0.015397
1317.549071022  9.975782  0.022128
1317.550226933 10.005804  0.012737
1317.552959618 10.015179  0.014883
1317.554938622 10.007871  0.024627
1317.556094534  9.990800  0.012893
1317.558833005 10.021544  0.014714
1317.560816349 10.007896  0.023052
1317.561973707  9.999257  0.012907
1371.024921164 10.102885  0.012698
1371.027468658 10.105061  0.016066
1371.029470795 10.112644  0.026219
1371.030651295 10.093373  0.013100
1371.033197343 10.098834  0.015268
1371.035206713 10.104550  0.025296
1371.036391554 10.097200  0.012790
1371.038937602 10.102390  0.014888
1371.042131812 10.097133  0.012766
1509.656692593 10.277042  0.012794
1509.659331756 10.281049  0.015314
1509.661451460 10.269609  0.027956
1509.662678375 10.270828  0.012684
1509.665324772 10.289517  0.015329
1509.667440135 10.296185  0.025622
1509.668665603 10.306872  0.012824
1509.671306213 10.323930  0.016379
1509.673425916 10.316123  0.028897
1509.674648491 10.316797  0.012804
1513.874326524  9.996044  0.012583
1513.877014892  9.995439  0.015350
1513.879128815  9.999526  0.025919
1513.880389012  9.993961  0.012694
1513.883075932  9.999598  0.015170
1513.885198537  9.997845  0.024824
1513.886457287  9.992190  0.012764
1513.889145655 10.000813  0.014758
1513.891259578  9.981037  0.028571
1513.892519775  9.997708  0.012572
1513.895206696 10.003839  0.014953
1513.897329301  9.982864  0.028840
1513.898588051 10.000465  0.012687
1513.901276418  9.992477  0.014622
1513.903390342  9.964245  0.037179
1513.907356232  9.969949  0.012507
1513.910006980  9.992260  0.014758
1513.912129585 10.082657  0.025042
1513.913343481 10.022600  0.012564
1513.915995677 10.062080  0.014571
1513.918116835 10.097281  0.028159
1513.919330731 10.047893  0.012822
1513.921977139 10.063269  0.015553
1513.924104085 10.086756  0.026210
1513.925317981 10.043566  0.012605
1513.927962942 10.052894  0.014366
1513.930078312 10.090915  0.025421
1513.931292208 10.042625  0.012637
1513.933942957 10.055767  0.015011
1513.936069903 10.097051  0.025509
1513.973751333 10.014984  0.012615
1513.976402081 10.014261  0.014642
1513.978524687 10.050561  0.025841
1513.979738583  9.999520  0.012552
1513.982390779 10.059066  0.014949
1513.984511937 10.108994  0.025438
1513.985725833 10.033155  0.012803
1513.988372242 10.041400  0.014289
1513.990499188 10.077959  0.025635
1513.991713084 10.023109  0.012595
1513.994358045 10.036075  0.014507
1513.996473416 10.062279  0.024138
1513.997687313 10.036581  0.012587
1514.000338062 10.028956  0.014554
1514.002465008 10.064010  0.026142
1514.006838922  9.985428  0.012633
1514.009527291  9.986897  0.014428
1514.011641215  9.960376  0.026967
1514.012901412  9.974197  0.012625
1514.015588333  9.973364  0.014840
1514.017710938  9.943095  0.024727
1514.018969688  9.996911  0.012752
1514.021658057  9.987218  0.014795
1514.023771981  9.978770  0.024731
1514.025032178  9.995951  0.012850
1514.027719099  9.973107  0.014551
1514.029841705  9.975424  0.025092
1514.031100455  9.972895  0.012865
1514.033788823  9.967999  0.014790
1514.035902748  9.941321  0.023951
1515.520129579 10.013398  0.012682
1515.522739815 10.006100  0.014615
1515.524778500 10.013758  0.028564
1515.525959118 10.003638  0.012641
1515.528573694 10.011298  0.014882
1515.530612379 10.011689  0.023637
1515.531792996 10.009677  0.012882
1515.534407572 10.009774  0.014802
1515.536446257 10.025314  0.032177
1515.537626875 10.016988  0.012600
1515.540241451 10.023987  0.014870
1515.542280136 10.021508  0.029501
1515.543460753 10.034484  0.012725
1515.546075329 10.064039  0.015675
1515.548114014 10.080731  0.026709
1515.553159286 10.023972  0.012635
1515.555750712  9.994382  0.015570
1515.557808206 10.058138  0.025617
1515.558961332 10.056633  0.012605
1515.561552758 10.045890  0.015060
1515.563614593 10.030713  0.028434
1515.564767719 10.054059  0.012635
1515.567359144 10.052538  0.014826
1515.569425320 10.037401  0.025281
1515.570584234 10.062306  0.012670
1515.573171318 10.056347  0.014716
1515.575233153 10.052460  0.026249
1515.576386279 10.050014  0.012576
1515.578977704 10.044092  0.014756
1515.581051114 10.000892  0.025512
1518.073760137 10.056890  0.013319
1518.076367484 10.072541  0.015433
1518.078459709 10.029391  0.022844
1518.079662031 10.000922  0.012781
1518.082280953  9.999445  0.014795
1518.084367390  9.987680  0.024383
1518.085572606  9.997626  0.012702
1518.088187188 10.007624  0.015130
1518.090270731  9.994030  0.032356
1518.091474500 10.004487  0.012794
1541.338177632  9.963797  0.012624
1541.340797999  9.972640  0.014366
1541.344114247  9.963812  0.012553
1541.346736061  9.945224  0.014190
1541.348841306  9.961752  0.021227
1541.350055203  9.955637  0.012527
1541.352678464  9.953425  0.014479
1541.355997606  9.956531  0.012550
1541.358620867  9.959129  0.014555
1688.533905182 10.013106  0.012560
1688.536507657 10.009246  0.014324
1688.538521373 10.014401  0.021705
1688.539657029 10.018642  0.012637
1688.542247932 10.007691  0.014253
1688.544261648  9.991342  0.023055
1688.545397304 10.015248  0.012575
1688.547988206 10.022421  0.014637
1688.550001922 10.003297  0.021106
1688.551137578 10.016702  0.012555
1688.553728481 10.020808  0.014432
1688.584086290 10.023989  0.012584
1688.586688766 10.017680  0.014865
1688.588702481 10.006332  0.022339
1688.589838138 10.006467  0.012587
1688.592429040 10.036943  0.015001
1688.594442755 10.027110  0.023420
1688.595578412 10.025619  0.012616
1688.598169314 10.007083  0.014448
1688.600183030 10.043323  0.022226
1688.601318686 10.026178  0.012616
1688.603909588 10.012949  0.014887
1711.457190905 10.154098  0.012980
1711.459028123 10.150330  0.012787
1711.460150669 10.155332  0.015476
1711.462369787 10.187814  0.027661
1711.463690606 10.131514  0.012788
1711.465527824 10.134997  0.012713
1711.466651817 10.133611  0.014813
1711.468863701 10.178416  0.028209
1711.470187414 10.131140  0.012980
1711.472021738 10.136650  0.012580
1711.473145732 10.152136  0.015142
1712.901042193 10.103785  0.012841
1712.902917022 10.090385  0.012564
1712.904049694 10.099160  0.015227
1712.906297743 10.069112  0.024750
1712.907647495 10.086410  0.012677
1712.909522324 10.088221  0.013287
1712.910652103 10.080539  0.014894
1712.912901599 10.107459  0.024733
1712.914265816 10.086321  0.012653
1712.916137752 10.091224  0.012588
1712.917273318 10.107325  0.015290
1885.472894800 10.158662  0.023855
1885.473849731 10.135946  0.013939
1885.477737570 10.175326  0.025310
1885.478693948 10.131711  0.013521
1885.482570211 10.091775  0.023296
1885.483529483 10.037916  0.013447
1885.487401406 10.083068  0.026102
1885.488357783 10.038547  0.013472
1885.492232600 10.101933  0.027090
1903.763567831  9.963940  0.024570
1903.764496717  9.957779  0.013375
1903.768315104  9.950144  0.024088
1903.769239650  9.969751  0.013402
1903.773053696 10.011678  0.024700
1903.773989817  9.981377  0.013494
1903.777812544  9.970282  0.024404
1903.778744324  9.982709  0.013471
1903.782571392  9.988164  0.025348
1903.783500279  9.986954  0.013469
1912.994353610 10.288250  0.030758
1912.995253556 10.307558  0.014045
1912.999021285 10.326722  0.036504
1912.999916891 10.292847  0.014535
1913.008353744 10.308705  0.036299
1913.009253690 10.308146  0.014909
1913.013015632 10.310856  0.032737
1913.013915578 10.285633  0.014232
1918.280575180  9.981996  0.024931
1918.281506956  9.990909  0.013432
1918.285342676 10.011505  0.025527
1918.286284579  9.977971  0.013371
1918.290127533  9.990791  0.026236
1918.291060756  9.986710  0.013319
1918.294896475  9.960105  0.024037
1918.295826804  9.972372  0.013318
1918.299665417  9.970489  0.026878
1918.300598640  9.965056  0.013319
1920.133393550 10.096088  0.024088
1920.134325322 10.106983  0.013461
1920.138159574 10.115710  0.022826
1920.139088452 10.135313  0.013678
1920.142922704 10.149128  0.024962
1920.143855923 10.138942  0.013630
1920.147681494 10.160685  0.025466
1920.148610372 10.170729  0.013990
1920.152448965 10.136861  0.023069
1920.378716665 10.449728  0.037623
1920.379709207 10.387153  0.014660
1920.383644748 10.407384  0.041163
1920.384628608 10.387056  0.014786
1920.388575724 10.376402  0.033383
1920.389566819 10.375579  0.014765
1920.393515381 10.363435  0.034394
1920.394506476 10.360405  0.014596
1920.398459380 10.313230  0.035172
1923.490635770  9.939191  0.022361
1923.491648566  9.916174  0.013565
1923.495644868  9.987775  0.025083
1923.496660558  9.984735  0.014086
1923.500664094 10.022892  0.026277
1923.501681232  9.999064  0.013620
1923.505677534 10.021165  0.024874
1923.506693224 10.003105  0.014301
1923.510693867  9.970333  0.021928
1923.511711004  9.955920  0.013586
1923.880677159 10.135668  0.024472
1923.881604591 10.128116  0.018756
1923.885420035 10.136196  0.023365
1923.886343126 10.116893  0.014009
1923.890158571 10.116378  0.024463
1923.891081662 10.116867  0.013753
1923.894904341 10.129432  0.024222
1923.895830326 10.124691  0.013828
1923.899647217 10.130560  0.027876
1926.088802317  9.986231  0.023690
1926.089774597  9.978922  0.013099
1926.093686960 10.000994  0.021849
1926.094659241  9.993267  0.013520
1926.098574498  9.979033  0.026698
1926.099546778  9.977789  0.013484
1926.103469270  9.987821  0.022265
1926.104441551  9.981741  0.013354
1926.108358255  9.969955  0.022009
1926.137864347 10.020362  0.023721
1926.138897397 10.003170  0.013296
1926.142925512 10.008649  0.022346
1926.143954221 10.012814  0.013325
1926.147977995 10.026238  0.023844
1926.149006704 10.021509  0.013308
1926.153039160 10.047175  0.032664
1926.154069316 10.018185  0.013490
1927.262887751 10.009232  0.022196
1927.263803606 10.010232  0.013489
1927.267601680 10.014039  0.022279
1927.268518981 10.008568  0.013271
1927.272312714 10.015472  0.022394
1927.273224228 10.010836  0.013224
1927.277019408 10.033784  0.023034
1927.277930922 10.005599  0.013245
1927.281730443 10.059053  0.024089
1927.282641957 10.020713  0.013298
1927.286444371 10.027721  0.023915
1927.291158299 10.020938  0.022395
1927.292071260 10.021401  0.013315
1927.293610757 10.043827  0.025854
2068.276492475 10.087264  0.023193
2068.277454505 10.067201  0.013433
2068.281351712 10.093483  0.023319
2068.282323869 10.046118  0.013759
2068.286219629 10.098402  0.024501
2068.287175873 10.064637  0.013248
2068.291073080 10.088455  0.022887
2068.292045237 10.042781  0.013391
2605.070181331 10.127442  0.026058
2605.071085615 10.094247  0.014280
2605.074853329 10.141711  0.024065
2605.075747485 10.087342  0.013426
2605.079509411 10.143907  0.026013
2605.080405014 10.103866  0.013510
2605.084172728 10.143177  0.026683
2605.085072672 10.100148  0.013754
2605.088836045 10.170760  0.025116
2605.089730201 10.114399  0.013698
2605.093492128 10.157844  0.026061
2605.094387731 10.103396  0.013438
2606.068907534 10.045383  0.022338
2606.069698963 10.035657  0.013417
2606.073246766 10.071449  0.021765
2606.074033854 10.027064  0.013357
2606.077583104 10.018895  0.023069
2606.078370192 10.024421  0.013864
2606.081919442 10.060470  0.024461
2606.082710871 10.012528  0.013390
2606.086260121  9.995408  0.021866
2606.087058785 10.023951  0.013194
2606.090612375 10.038353  0.023411
2606.091411039 10.037136  0.013463
2606.094964630 10.065048  0.024783
2606.095763293 10.037641  0.013443