1169.471917238 11.989101  0.066299
1169.474552083 11.942456  0.053780
1169.476553157 11.988027  0.104439
1169.477719309 11.966547  0.050131
1169.480348366 11.999878  0.078557
1169.482342207 11.986194  0.107690
1169.483508358 11.974040  0.046767
1169.486134522 11.918264  0.067023
1169.488132703 11.815308  0.099612
1169.489298854 11.956698  0.045954
1169.715170218 11.747587  0.022366
1169.718058272 11.769913  0.045843
1169.720286511 11.927839  0.097742
1169.721575649 11.719285  0.027496
1169.724468044 11.769201  0.051085
1169.726703518 11.980723  0.099516
1169.727996997 11.722923  0.027714
1169.730889392 11.743143  0.035920
1169.847234684 11.591405  0.025709
1169.849870978 11.608952  0.048991
1169.851872054 11.718202  0.085462
1169.853042546 11.585820  0.025585
1169.855684627 11.620487  0.054301
1169.857687150 11.673646  0.088282
1169.858859089 11.643478  0.034372
1169.861498277 11.658979  0.049658
1169.864674186 11.622538  0.049094
1170.046442623 11.589166  0.023053
1170.049061554 11.588285  0.037118
1170.051071312 11.534613  0.066563
1170.052256273 11.583887  0.024274
1170.054863629 11.565007  0.040253
1170.056873387 11.600291  0.073023
1170.058058348 11.588844  0.027805
1170.060668598 11.594737  0.042648
1170.062676908 11.652712  0.096667
1170.063860423 11.568703  0.024640
1170.068878277 11.642356  0.023949
1170.071777907 11.690272  0.038583
1170.074032191 11.788717  0.082088
1170.075314095 11.659679  0.032216
1170.078215172 11.683486  0.046920
1170.080469456 11.717627  0.081153
1170.081751359 11.655991  0.039900
1170.084649543 11.663034  0.034983
1174.329649954 11.853340  0.027691
1174.332307946 11.839940  0.051323
1174.335544620 11.847372  0.030698
1174.338208399 11.862238  0.056107
1174.340238409 11.886602  0.103648
1174.341446520 11.842735  0.026553
1174.344104512 11.875092  0.053588
1174.347346973 11.871837  0.038809
1180.305487630 11.578472  0.027594
1180.308121020 11.601120  0.037954
1180.310149580 11.439049  0.075191
1180.311349008 11.596583  0.027239
1180.313979503 11.613380  0.037057
1180.316002275 11.604238  0.092385
1180.317203150 11.603810  0.033918
1180.319833646 11.604466  0.040759
1180.321856418 11.398294  0.060959
1180.323057292 11.589717  0.036323
1180.646983793 11.641367  0.026527
1180.649864594 11.726203  0.055055
1180.652039284 11.797243  0.096010
1180.653285011 11.642933  0.024435
1180.656161471 11.677072  0.038396
1180.658336161 11.764651  0.101170
1180.659581888 11.666351  0.024056
1180.662458348 11.708315  0.039921
1180.664633038 11.895289  0.103209
1180.665878765 11.683232  0.024839
1180.668755224 11.749405  0.047021
1180.670929914 11.799467  0.102381
1180.672175640 11.703864  0.036351
1180.676584321 11.668923  0.025094
1180.679452099 11.725097  0.050170
1317.922293391 11.527411  0.021990
1317.925253200 11.551090  0.033167
1317.928853937 11.541599  0.028759
1317.931813745 11.510564  0.033448
1317.935411589 11.514147  0.019121
1317.938371398 11.517132  0.034697
1325.038292938 11.620208  0.020941
1325.040924341 11.622431  0.039034
1325.042923587 11.654793  0.081443
1325.044093962 11.638383  0.022548
1325.046736939 11.665275  0.032487
1325.048740524 11.592747  0.083938
1325.049910899 11.638123  0.029502
1325.052546642 11.663282  0.038686
1325.054545888 11.628622  0.097131
1325.055719156 11.637293  0.025452
1325.260388292 11.849130  0.027545
1325.263035609 11.840223  0.044593
1325.265058002 11.864761  0.105148
1325.266257310 11.863403  0.033875
1325.268898841 11.875366  0.037838
1325.272121988 11.895039  0.032006
1325.274762072 11.896147  0.049616
1325.277988113 11.910872  0.033459
1325.415551999 12.017112  0.035362
1325.418164597 12.029486  0.055452
1325.421357366 11.987005  0.029465
1325.423964177 11.925870  0.043655
1325.425973551 11.921649  0.096366
1325.427159839 11.967709  0.032487
1325.429769544 11.944067  0.043885
1325.432950739 11.947127  0.029979
1325.615544197 11.582495  0.028109
1325.618159689 11.558278  0.032440
1325.620158935 11.621099  0.081309
1325.621324971 11.593986  0.025670
1325.623937569 11.554626  0.041109
1325.625929583 11.574160  0.080338
1325.627097064 11.583241  0.023284
1325.629703876 11.605310  0.031577
1325.631697336 11.626566  0.073878
1325.632866265 11.602197  0.023097
1325.793020883 11.602053  0.024339
1325.795872177 11.647349  0.040129
1325.798101439 11.562545  0.073925
1325.799370186 11.575793  0.026755
1325.802228713 11.585506  0.037502
1325.804452189 11.588152  0.095750
1325.805722382 11.658134  0.022606
1325.808573675 11.614366  0.044644
1325.810804385 11.552457  0.094508
1371.793133081 11.627417  0.030783
1371.795786166 11.649399  0.034086
1371.797804206 11.679352  0.091290
1371.798991936 11.635102  0.027396
1371.801643575 11.644074  0.043993
1371.803661614 11.713310  0.091397
1371.804852238 11.585799  0.029160
1371.807512556 11.606053  0.038767
1371.809533489 11.745485  0.089530
1371.810716880 11.606575  0.025364
1372.569195916 11.930827  0.029265
1372.571863463 11.935802  0.039792
1372.575089482 11.898206  0.028381
1372.577752689 11.890214  0.041799
1372.580980156 11.888007  0.027113
1372.583640470 11.870576  0.034810
1372.586859257 11.878473  0.025291
1564.549858994 11.659805  0.044305
1564.552464858 11.701293  0.061955
1564.554532459 11.820664  0.100244
1564.555721751 11.665158  0.045123
1564.558330509 11.710890  0.061510
1564.560398109 11.880795  0.104716
1564.561587401 11.661815  0.040952
1564.564190372 11.656192  0.058992
1564.566262313 11.798036  0.101759
1564.567453052 11.667721  0.039312
1570.729123939 11.952084  0.029358
1570.734925895 11.962467  0.028239
1570.737505699 11.950328  0.044103
1570.740730745 11.951590  0.027629
1570.746532702 11.955430  0.030779
1694.258074081 11.928097  0.034118
1694.260870396 11.965073  0.040905
1694.262989710 11.794647  0.104498
1694.264200590 11.912902  0.030513
1694.266995459 11.903086  0.041350
1694.269116219 11.850342  0.091215
1694.270327099 11.917891  0.032858
1694.273121968 11.942625  0.037919
1694.275244175 11.828687  0.087584
1694.276453608 11.892114  0.032709
1694.279249923 11.904198  0.054183
1694.285376432 11.884945  0.047541
1694.287494299 11.858302  0.086506
1694.288709519 11.867177  0.035605
1694.292395550 11.872632  0.030191
1694.295190419 11.830037  0.047492
1694.297308286 11.855351  0.094976
1694.298523506 11.834417  0.030367
1694.301312588 11.785271  0.039905
1694.303434795 11.683932  0.080299
1694.304644228 11.806520  0.026534
1711.635353493 11.711893  0.026094
1711.637895179 11.713018  0.036461
1711.641056095 11.704032  0.032713
1711.643606461 11.698584  0.046886
1711.645623047 11.884463  0.091947
1711.646768824 11.617209  0.027406
1711.649314849 11.714212  0.039853
1711.651328543 11.866369  0.097302
1711.652474319 11.682296  0.029146
1712.723494492 11.588650  0.023138
1712.726056429 11.604713  0.036400
1712.728101947 11.636169  0.092751
1712.729266529 11.576342  0.021788
1712.731829913 11.571687  0.045341
1712.733869645 11.612167  0.093181
1712.735035674 11.578294  0.022961
1712.737597611 11.583506  0.060401
1712.739638789 11.678279  0.090680
1712.740807711 11.615911  0.025483
1718.703005311 11.614077  0.028209
1718.705574480 11.627356  0.030191
1718.707617105 11.545191  0.072884
1718.708790366 11.600203  0.026514
1718.711358089 11.580314  0.036318
1718.713402160 11.578523  0.068471
1718.714568188 11.630283  0.030858
1718.717141697 11.602434  0.037761
1718.719190108 11.587941  0.085197
1718.720363369 11.626296  0.020308
2247.797926230 11.557056  0.090122
2247.798805922 11.606880  0.028052
2247.800785197 11.596485  0.023828
2247.803415742 11.578234  0.027518
2247.805395017 11.611303  0.027816
2247.807145870 11.544340  0.089989
2247.808029903 11.603243  0.030732
2247.810009177 11.607871  0.026413
2247.811761478 11.557488  0.104462
2247.812646958 11.586331  0.038390
2247.814627679 11.581152  0.023055
2247.816378532 11.600974  0.088898
2247.817261118 11.588359  0.029823
2247.819240393 11.591621  0.022642
2247.820991246 11.566680  0.074162
2247.821875279 11.596635  0.027130
2247.823854554 11.597212  0.021757
2250.852890141 11.613584  0.041262
2250.854909930 11.602570  0.034281
2250.856696959 11.634325  0.100657
2250.857620059 11.605739  0.035532
2250.859647083 11.597632  0.028842
2250.862351425 11.648584  0.034253
2250.864371214 11.619726  0.035722
2250.867074108 11.650158  0.049154
2250.869093898 11.651922  0.048647
2250.871796792 11.658101  0.054147
2250.873816581 11.663154  0.047616
2250.876519476 11.663825  0.055781
2250.878539265 11.658014  0.046221
2452.586897025 11.509055  0.078138
2452.587817099 11.648938  0.051517
2452.589846793 11.631339  0.043689
2452.591639052 11.562551  0.095181
2452.592559126 11.639488  0.036512
2452.594581587 11.589652  0.036841
2452.597295367 11.623667  0.044799
2452.599316381 11.653842  0.036606
2452.601107194 11.569913  0.107561
2452.602034501 11.661582  0.043154
2452.604054068 11.679807  0.033322
2452.605844882 11.599414  0.073937
2452.606767849 11.660193  0.039908
2452.608794649 11.697242  0.034938
2452.610585463 11.672482  0.074331
2452.611506983 11.693111  0.034629
2452.613532337 11.720515  0.032565
2465.450092969 11.735666  0.100113
2465.451028960 11.640034  0.043669
2465.453055768 11.607594  0.041381
2465.454858173 11.895339  0.094814
2465.455782591 11.634513  0.042117
2465.457806506 11.590880  0.041764
2465.459608911 11.668741  0.089137
2465.460533329 11.643382  0.049597
2465.462560137 11.628359  0.032134
2465.464362542 11.772739  0.089965
2465.465286961 11.624261  0.029529
2465.467313769 11.622773  0.025062
2465.469116174 11.766199  0.098287
2465.470040592 11.516749  0.030518
2465.472064507 11.634584  0.023869
2465.473866912 11.757766  0.098963
2465.474791330 11.692308  0.029649
2465.476818138 11.623219  0.027532
2467.509627504 11.904694  0.038296
2467.511606570 11.897925  0.028706
2467.513356891 11.733398  0.092483
2467.514249482 11.919568  0.044926
2467.516235782 11.906037  0.028544
2467.518878694 11.910089  0.040413
2467.520864994 11.897407  0.027678
2467.523507906 11.891170  0.039476
2467.525494206 11.899315  0.029066
2467.527244528 11.834118  0.094409
2467.528137119 11.916068  0.032366
2467.530123419 11.875685  0.029391
2467.532766331 11.923276  0.034871
2467.534752631 11.879837  0.022635
2624.887927749 11.904184  0.072339
2624.889979373 11.913044  0.055535
2624.892750281 11.964074  0.082021
2624.894806245 11.947805  0.062796
2624.897582941 11.944950  0.071731
2624.899637459 11.946892  0.072536
2624.902411261 11.954322  0.072647
2624.904461438 11.963891  0.067281
2624.907241027 11.961726  0.054353
2624.909296992 11.984045  0.075963
2624.912072241 11.976807  0.083789
2624.914131099 12.004548  0.068785