1092.500369823  9.681853  0.013493
1092.503193748  9.687216  0.014692
1092.505375355  9.695734  0.019302
1092.506641236  9.693063  0.013576
1092.509468054  9.735864  0.014612
1092.511643875  9.782645  0.020456
1092.512912648  9.774061  0.013533
1092.515736574  9.775934  0.014543
1092.517910947  9.788973  0.019686
1092.519184061  9.780482  0.013504
1092.522003646  9.734215  0.014523
1474.258791334  9.910392  0.012671
1474.261609452  9.912437  0.014057
1474.263796831  9.906712  0.020689
1474.265038113  9.919683  0.012784
1474.267857677  9.910498  0.014003
1474.270047949  9.947869  0.020376
1474.271290677  9.941080  0.012597
1474.274108794  9.961572  0.014404
1474.276296173  9.929330  0.024247
1474.277537454  9.943772  0.012505
1474.280357017  9.951268  0.015325
1558.307082599  9.740857  0.012511
1558.309990458  9.745243  0.014289
1558.312206805  9.741167  0.019714
1558.313545026  9.727930  0.012545
1558.316455779  9.751360  0.014158
1558.318673571  9.718367  0.019574
1558.319997326  9.754426  0.013040
1558.322909525  9.766151  0.016709
1558.325124424  9.781133  0.021328
1558.326446732  9.778795  0.012713
1558.329358931  9.776654  0.014192
1569.957593316  9.731782  0.012748
1569.959314922  9.733823  0.012502
1569.960356557  9.730644  0.013828
1569.962487584  9.729527  0.019215
1569.963684039  9.723018  0.012506
1569.965411431  9.733742  0.012598
1569.966455959  9.742153  0.013959
1569.968589879  9.714897  0.020207
1569.969795014  9.721121  0.012517
1569.971522406  9.723451  0.012493
1569.972566934  9.728838  0.013866
1569.974700853  9.701749  0.018749
1569.975905989  9.694739  0.012481
1569.977633380  9.692343  0.012480
1569.978677908  9.693209  0.014044
1803.276620498  9.918120  0.024127
1803.277566665  9.912107  0.013484
1803.281429434  9.915481  0.023459
1803.282374155  9.910030  0.013585
1803.286239817  9.880903  0.021458
1803.287188877  9.887918  0.013290
1803.291054539  9.903902  0.021731
1803.292003599  9.876028  0.013170
1803.295869261  9.895955  0.024505
1803.296818321  9.866371  0.013777
1872.690719890  9.677432  0.021442
1872.691710870  9.688723  0.013359
1872.695654456  9.741019  0.019506
1872.696642542  9.697664  0.013049
1872.700593362  9.736703  0.025017
1872.701581448  9.727645  0.013327
1872.705533714  9.728047  0.019383
1872.706524693  9.723148  0.013002
1872.710468280  9.740089  0.020899
1872.711456366  9.714852  0.013429
2006.919087898  9.701055  0.020793
2006.920096328  9.705880  0.013495
2006.924079464  9.679213  0.024273
2006.925085000  9.693229  0.013271
2006.929060902  9.706110  0.022560
2006.930069331  9.698401  0.013215
2006.934045233  9.704433  0.022588
2006.935052215  9.689132  0.013378
2006.939032457  9.685841  0.021865
2006.940036546  9.701476  0.013344
2006.944021128  9.685742  0.021956
2006.945022324  9.692884  0.013309
2006.949012693  9.707862  0.024774
2006.950021123  9.698251  0.013172
2006.953997023  9.702228  0.025114
2006.958961098  9.742729  0.022356
2006.959900079  9.746612  0.013291
2006.963742871  9.751701  0.020486
2006.964683300  9.740988  0.013497
2006.968526091  9.736544  0.020166
2006.969463626  9.750593  0.013918
2006.973313652  9.738744  0.022757
2006.974252633  9.750832  0.013453
2006.978095425  9.726916  0.021875
2006.979035853  9.732289  0.013434
2006.982878645  9.743473  0.021765
2006.983816179  9.725726  0.013133
2006.987666205  9.735431  0.023818
2006.988605186  9.739960  0.013427
2006.992447977  9.722411  0.020016
2006.993388405  9.707724  0.012963
2007.038964993  9.739936  0.021305
2007.039931464  9.707146  0.013317
2007.043836467  9.714463  0.019534
2007.044797151  9.721693  0.013260
2007.048697813  9.702084  0.019202
2007.049670071  9.686318  0.013092
2007.053575074  9.703322  0.019159
2007.054547332  9.692673  0.013121
2007.058455229  9.697946  0.019307
2007.059423146  9.691114  0.013213
2007.063328149  9.696949  0.021536
2007.064300407  9.697051  0.013049
2007.068205410  9.733423  0.019740
2007.069177668  9.712229  0.013357
2007.073085564  9.712343  0.020766
2007.074053481  9.707625  0.013455
2007.079050839  9.715657  0.023439
2007.080059268  9.723019  0.013369
2007.084035165  9.737750  0.020069
2007.085040700  9.735737  0.013171
2007.089022384  9.724468  0.020677
2007.090032259  9.725133  0.013628
2007.094022624  9.744667  0.024152
2007.095032500  9.731696  0.013423
2007.099022864  9.763277  0.020737
2007.100032740  9.730797  0.013916
2007.104023104  9.720720  0.019034
2007.105032980  9.737983  0.013725
2007.109023344  9.748939  0.021742
2007.110033220  9.742299  0.013281
2007.114023584  9.740387  0.020813
2007.119052760  9.711274  0.022394
2007.120061189  9.689239  0.013410
2007.124025510  9.693920  0.022154
2007.125025257  9.686943  0.013550
2007.128998259  9.691396  0.022438
2007.129998007  9.689917  0.013156
2007.133963775  9.680857  0.021555
2007.134969310  9.685160  0.013331
2007.138933630  9.679829  0.021187
2007.139933378  9.701537  0.013519
2007.143906379  9.709848  0.023030
2007.144906127  9.713864  0.013450
2007.148871894  9.686479  0.022609
2007.149877429  9.676723  0.013105
2007.153841750  9.686325  0.023163
2008.137191512  9.753006  0.020220
2008.138188364  9.790672  0.013240
2008.142148333  9.780834  0.021458
2008.143145185  9.757004  0.013588
2008.147112388  9.758043  0.024680
2008.148104899  9.759706  0.013331
2008.153066060  9.748225  0.013199
2008.157024582  9.753614  0.019761
2008.158019987  9.745520  0.013198
2008.161988637  9.747206  0.022699
2008.162988382  9.732821  0.013452
2008.166948351  9.748623  0.022784
2008.167943756  9.716836  0.013694
2008.171915299  9.704995  0.021200
2008.177157144  9.736773  0.020034
2008.178090335  9.748582  0.013379
2008.181917196  9.762690  0.020105
2008.182844600  9.731600  0.013156
2008.186678695  9.738297  0.021105
2008.187611887  9.724499  0.013123
2008.191437300  9.739431  0.019138
2008.192366151  9.723247  0.012974
2008.196200246  9.711519  0.019967
2008.197131991  9.724884  0.013102
2008.200958852  9.733288  0.019740
2008.201887703  9.727386  0.013041
2008.205714563  9.715946  0.021291
2008.206641967  9.716925  0.013207
2008.210476062  9.743074  0.020022
2008.211409253  9.730075  0.012964
2008.696562580  9.745165  0.020768
2008.697413302  9.739933  0.012934
2008.701079563  9.752916  0.020878
2008.701927391  9.736542  0.013011
2008.705596546  9.721475  0.018109
2008.706450161  9.716458  0.013416
2008.710122209  9.727184  0.019537
2008.710970038  9.725462  0.013412
2008.714639192  9.725283  0.020473
2008.715492808  9.719436  0.013221
2008.719161962  9.748403  0.018815
2008.720015578  9.721886  0.013073
2008.723681838  9.712047  0.019619
2008.724532560  9.721662  0.014018
2008.728210395  9.736103  0.021229
2008.729058224  9.714274  0.013338
2008.936450220  9.647623  0.017948
2008.937476007  9.641130  0.013065
2008.941488058  9.659864  0.018257
2008.942508058  9.639377  0.012914
2008.946520109  9.637465  0.020258
2008.947545896  9.639674  0.013011
2008.951552159  9.660127  0.020937
2008.952576500  9.642049  0.012970
2008.956588551  9.632266  0.019147
2008.957612892  9.634415  0.013230
2008.961624942  9.650085  0.019744
2008.962646389  9.654141  0.012812
2008.966656993  9.667740  0.020727
2008.967678440  9.665763  0.012882
2008.971697725  9.681502  0.024041
2008.976343474  9.696438  0.020765
2008.977318623  9.698325  0.013319
2008.981227949  9.718833  0.019520
2008.982200204  9.691016  0.012989
2008.986118211  9.700355  0.020040
2008.987091913  9.710983  0.013215
2008.991007026  9.710727  0.019353
2008.991980728  9.718275  0.013143
2008.995897288  9.722698  0.019379
2008.996872437  9.706817  0.013090
2009.000788997  9.713745  0.019301
2009.001764146  9.706380  0.013059
2009.005673472  9.717238  0.019264
2009.006645727  9.698538  0.013503
2009.010563734  9.727088  0.019106
2009.011537436  9.714521  0.012982
2009.056407772  9.762486  0.019515
2009.057404623  9.741618  0.013005
2009.061363141  9.761326  0.020127
2009.062365780  9.732016  0.013037
2009.066324298  9.720198  0.018464
2009.067319702  9.738247  0.013427
2009.071279667  9.723813  0.020359
2009.072279412  9.709817  0.013125
2009.076239377  9.713767  0.019481
2009.077236228  9.699197  0.012960
2009.081196193  9.710916  0.020657
2009.082195938  9.712079  0.012956
2009.086155903  9.726182  0.018700
2009.087151307  9.703265  0.013025
2009.091122847  9.709349  0.019699
2009.096308261  9.710563  0.020382
2009.097244346  9.679243  0.013239
2009.101095799  9.660834  0.019462
2009.102031883  9.665406  0.013178
2009.106813634  9.703888  0.013010
2009.110660747  9.708766  0.020258
2009.111596832  9.695755  0.013094
2009.115448285  9.731942  0.018889
2009.116384370  9.721041  0.013421
2009.120227142  9.719575  0.019527
2009.121166120  9.710020  0.013410
2009.125013234  9.731634  0.021250
2009.125949318  9.711938  0.013289
2009.129800772  9.715473  0.019528
2009.130736856  9.702371  0.013241
2009.134579629  9.721316  0.019187
2009.135518607  9.708787  0.013396
2009.139365720  9.709770  0.020216
2009.140301805  9.701093  0.013481
2009.145089343  9.663192  0.013057
2009.148932116  9.664181  0.019517
2009.153619823  9.700356  0.020171
2009.154599313  9.701671  0.013020
2009.158533235  9.681890  0.022231
2009.159514172  9.700723  0.013312
2009.163442307  9.692317  0.021111
2009.164421796  9.677102  0.013449
2009.168349932  9.691052  0.020609
2009.169329421  9.675660  0.013159
2009.173257557  9.678907  0.021352
2009.174237046  9.678230  0.013404
2009.178165182  9.677125  0.022049
2009.179144671  9.668827  0.013337
2009.183072807  9.711597  0.021249
2009.184052296  9.650339  0.013227
2009.187980432  9.683291  0.022672
2010.919320063  9.756580  0.021671
2010.920224320  9.740924  0.013203
2010.924001999  9.744307  0.020658
2010.924901916  9.724868  0.013460
2010.928668021  9.751478  0.020960
2010.929567937  9.724398  0.013281
2010.933345617  9.712848  0.020982
2010.934249873  9.705263  0.013345
2010.938020319  9.726178  0.024885
2010.938920235  9.708182  0.013100
2010.942697915  9.724909  0.019130
2010.943602172  9.709814  0.013531
2010.947372617  9.708461  0.019772
2010.948272533  9.718554  0.012987
2010.952050213  9.746753  0.021798
2010.952954470  9.727668  0.013209
2010.956724915  9.744799  0.021693
2010.957624831  9.730850  0.013191
2010.961402511  9.745297  0.021606
2010.962306768  9.746818  0.013149
2010.966077213  9.739824  0.021409
2010.966977129  9.725123  0.013030
2010.970754809  9.744719  0.020799
2010.971659065  9.727877  0.013188
2010.973171012  9.746475  0.021054
2010.974070928  9.740455  0.013199
2010.980260470  9.711011  0.020776
2010.981173408  9.687854  0.012959
2010.984967002  9.720895  0.020111
2010.985878493  9.695951  0.013262
2010.989673534  9.728328  0.019597
2010.990585025  9.684323  0.013097
2010.994380066  9.713956  0.020220
2010.995291557  9.675762  0.013199
2010.999083705  9.738843  0.019838
2010.999998089  9.701664  0.013035
2011.003784449  9.733740  0.019739
2011.004693046  9.694182  0.013116
2011.008486641  9.732741  0.022604
2011.009398131  9.701564  0.013189
2011.013193173  9.701420  0.021677
2011.014104663  9.698149  0.013100
2011.100121493  9.718779  0.019749
2011.101056133  9.714244  0.013270
2011.104887344  9.722908  0.019774
2011.105816197  9.699014  0.013847
2011.109658983  9.723743  0.025974
2011.110593623  9.708098  0.013233
2011.114424834  9.731433  0.019678
2011.115353686  9.710801  0.013230
2011.119196472  9.716303  0.019183
2011.120131112  9.713267  0.013512
2011.123962323  9.719220  0.020948
2011.124891176  9.713318  0.013268
2011.128733961  9.707410  0.021024
2011.129668601  9.699482  0.013345
2011.133499812  9.716288  0.022052
2011.134428665  9.721972  0.013551
2011.140215987  9.664075  0.020584
2011.141222968  9.679419  0.013409
2011.145201756  9.660732  0.019510
2011.146207290  9.672563  0.013885
2011.150188971  9.665716  0.020448
2011.151204633  9.663207  0.013365
2011.155189208  9.658602  0.020458
2011.156204870  9.666741  0.013436
2011.160189445  9.664954  0.020147
2011.161205107  9.655557  0.013026
2011.165189681  9.670597  0.021238
2011.166205344  9.677147  0.013504
2011.170189918  9.682026  0.019912
2011.171205580  9.680551  0.013209
2011.175190155  9.691228  0.020858
2011.380024761  9.640262  0.020511
2011.380913102  9.637657  0.013153
2011.384645927  9.637785  0.020533
2011.385525588  9.636865  0.012852
2011.389259860  9.672441  0.018348
2011.390139520  9.661181  0.013109
2011.393873792  9.663785  0.021875
2011.394753452  9.654485  0.012882
2011.398484830  9.672884  0.019339
2011.399371725  9.644603  0.012972
2011.403103103  9.673471  0.019316
2011.403982763  9.673501  0.013438
2011.407711248  9.682494  0.020557
2011.408599589  9.681145  0.013074
2011.412332414  9.693385  0.020472
2011.413212074  9.689300  0.012923
2011.739930206  9.740202  0.019769
2011.740911143  9.751109  0.013336
2011.744846523  9.754270  0.019348
2011.745831801  9.749226  0.013433
2011.749757052  9.715858  0.020412
2011.750739437  9.723833  0.013075
2011.754664688  9.719008  0.019138
2011.755647073  9.720953  0.013170
2011.759572324  9.770190  0.019597
2011.760554709  9.769201  0.013223
2011.764479960  9.776563  0.021067
2011.765462345  9.781612  0.013875
2011.769387596  9.773991  0.019540
2011.770369981  9.775533  0.013167
2011.774295232  9.786748  0.021062
2011.779848153  9.683544  0.018926
2011.780833431  9.673753  0.012974
2011.784758682  9.695506  0.019655
2011.785741067  9.676229  0.013226
2011.789666318  9.712395  0.019060
2011.790648703  9.699135  0.013132
2011.794573954  9.694787  0.021100
2011.795556339  9.682297  0.013119
2011.799481590  9.692517  0.019008
2011.800463974  9.699893  0.013187
2011.804389225  9.709927  0.020512
2011.805371610  9.700425  0.012920
2011.809296861  9.709658  0.018973
2011.810279246  9.679161  0.013114
2011.814204497  9.698392  0.019850
2011.819839886  9.696981  0.020916
2011.820796228  9.714759  0.013265
2011.824675181  9.726127  0.021702
2011.825627182  9.714609  0.013055
2011.829507581  9.716925  0.020988
2011.830462476  9.713650  0.013366
2011.834341429  9.732985  0.020408
2011.835294877  9.728287  0.013326
2011.839172383  9.740395  0.020652
2011.840128724  9.739088  0.013276
2011.844007677  9.738675  0.021445
2011.844964019  9.733501  0.013509
2011.848842971  9.718227  0.020040
2011.849794973  9.715323  0.013190
2011.853675372  9.719523  0.020572
2011.854630267  9.720054  0.013536
2011.859919875  9.742150  0.023931
2011.860876217  9.734011  0.013172
2011.864762403  9.715276  0.020277
2011.865718745  9.732480  0.013134
2011.869606379  9.742154  0.022452
2011.870567061  9.722937  0.013350
2011.874453247  9.729540  0.022221
2011.875413930  9.737284  0.013104
2011.879300116  9.711571  0.019803
2011.880256458  9.704164  0.013204
2011.884144091  9.705519  0.019546
2011.885104773  9.706017  0.013340
2011.888990960  9.730854  0.020645
2011.889951642  9.716381  0.013647
2011.893837829  9.729089  0.022332
2011.894794170  9.737958  0.013270
2011.899921734  9.726646  0.019285
2011.900808628  9.724670  0.013068
2011.904547238  9.715491  0.020646
2011.905426898  9.712492  0.013060
2011.909161168  9.720806  0.019709
2011.910040828  9.714072  0.013346
2011.913775097  9.706075  0.020209
2011.914654757  9.718312  0.013276
2011.918391921  9.750209  0.020829
2011.919273027  9.717375  0.012997
2011.923002957  9.713309  0.020432
2011.923884063  9.712281  0.013072
2011.927615439  9.705355  0.019446
2011.928497993  9.698001  0.013048
2011.932233709  9.705654  0.021922
2011.933113369  9.690375  0.013027
2011.940007508  9.672240  0.020896
2011.941004361  9.657526  0.013062
2011.944967229  9.656322  0.019280
2011.945964082  9.648113  0.013291
2011.949924056  9.651000  0.019382
2011.950920909  9.637980  0.012899
2011.954888118  9.671393  0.020185
2011.955880630  9.636153  0.013049
2011.959839158  9.644514  0.019264
2011.960841798  9.636002  0.012952
2011.964800326  9.647055  0.019682
2011.965795732  9.640670  0.013005
2011.969755706  9.663930  0.018838
2011.970755452  9.674559  0.013257
2011.974715427  9.652591  0.018668
2012.622668962  9.684608  0.019983
2012.623623866  9.691062  0.012933
2012.627497084  9.704677  0.020784
2012.628447648  9.692116  0.012894
2012.632312184  9.705036  0.021159
2012.633262747  9.710875  0.013230
2012.637127283  9.734806  0.019700
2012.638077846  9.697563  0.012916
2012.641942381  9.742430  0.019514
2012.642892944  9.698622  0.013045
2012.646757479  9.744816  0.021618
2012.647708042  9.716223  0.013215
2012.651572575  9.727029  0.020123
2012.652523138  9.715225  0.013198
2012.656387671  9.729504  0.019238
2012.657338234  9.716088  0.013004
2013.381935777 10.180079  0.031376
2013.382916719 10.189076  0.014423
2013.386847777 10.189127  0.029308
2013.387824378 10.180901  0.014712
2013.391755436 10.136241  0.027106
2013.392732037 10.143304  0.014362
2013.396663095 10.184096  0.027020
2013.397639696 10.154796  0.014049
2013.401570754 10.147973  0.027641
2013.402547354 10.163044  0.014464
2013.406478412 10.125051  0.032495
2013.407455013 10.162441  0.014280
2013.411386071 10.174576  0.031118
2013.412362672 10.152060  0.014298
2013.416293730 10.165844  0.027409
2013.421962423 10.157931  0.025900
2013.422930342 10.129443  0.014140
2013.426841144 10.126061  0.027768
2013.427813405 10.109273  0.014048
2013.431725653 10.131211  0.022215
2013.432697914 10.101142  0.013975
2013.436604375 10.096470  0.025136
2013.437575188 10.076108  0.014391
2013.441491778 10.090806  0.027481
2013.442466932 10.065043  0.013957
2013.446379180 10.068060  0.024466
2013.447351440 10.052005  0.013499
2013.451263689 10.041251  0.024583
2013.452235949 10.035723  0.013770
2013.456142410 10.047537  0.022643
2013.457113224 10.037538  0.013528
2013.541968540  9.752251  0.019669
2013.542888714  9.728865  0.012998
2013.546702577  9.734196  0.019237
2013.547627092  9.725281  0.013286
2013.551440954  9.720735  0.021149
2013.552365469  9.722020  0.013530
2013.556176438  9.720603  0.019568
2013.557099506  9.717258  0.013215
2013.560914815  9.725528  0.019422
2013.561839329  9.704398  0.013201
2013.565653192  9.697121  0.019881
2013.566580600  9.692704  0.012994
2013.570391569  9.705341  0.019114
2013.571316083  9.664695  0.012956
2013.575129946  9.662802  0.018791
2013.576054460  9.678935  0.013020
2013.582042912  9.696064  0.020960
2013.583087514  9.687765  0.013544
2013.587134316  9.719587  0.019143
2013.588180364  9.706531  0.013035
2013.592227167  9.748019  0.021070
2013.593273215  9.725507  0.013865
2013.597320017  9.743830  0.020343
2013.598366066  9.740080  0.013320
2013.602412868  9.783213  0.047751
2013.603458916  9.735408  0.013568
2013.607505718  9.734707  0.022627
2013.608551767  9.746004  0.014258
2013.612598569  9.703395  0.019966
2013.613644617  9.696285  0.013699
2013.941561858  9.703995  0.019017
2013.942383647  9.711186  0.013447
2013.946006524  9.721379  0.021191
2013.946828313  9.710342  0.013169
2013.950451191  9.712659  0.020758
2013.951272979  9.714028  0.012993
2013.954895857  9.724337  0.020333
2013.955717646  9.707466  0.013251
2013.959340523  9.708147  0.021604
2013.960162312  9.703124  0.013305
2013.963785189  9.722690  0.019183
2013.964606978  9.716530  0.013654
2013.968229855  9.734610  0.020108
2013.969051644  9.714226  0.013286
2013.972674521  9.718152  0.021082
2013.973496310  9.693223  0.013240
2013.977119187  9.726109  0.019069
2013.977940976  9.711482  0.013457
2014.199682323  9.719258  0.021443
2014.200654582  9.715624  0.013278
2014.204569717  9.734006  0.020130
2014.205541976  9.725941  0.013474
2014.209454218  9.722488  0.020802
2014.210426477  9.724975  0.013230
2014.214338719  9.719619  0.019306
2014.215310978  9.727102  0.013357
2014.219224666  9.742228  0.021701
2014.220196925  9.737767  0.013246
2014.224107720  9.749797  0.023368
2014.225079979  9.736876  0.013258
2014.228992221  9.729446  0.019363
2014.229964480  9.730829  0.013472
2014.233876722  9.754703  0.019589
2014.234848981  9.734002  0.013433
2014.239604725  9.687272  0.019509
2014.240629070  9.670155  0.013157
2014.244636802  9.671713  0.020222
2014.245656806  9.663430  0.012927
2014.249668879  9.717514  0.020602
2014.250690331  9.694593  0.012885
2014.254700957  9.712571  0.018666
2014.255722408  9.690733  0.013015
2014.259730140  9.714674  0.019258
2014.260750145  9.710885  0.013083
2014.264762217  9.679775  0.019827
2014.265783668  9.681986  0.013040
2014.269794294  9.697732  0.020876
2014.270815746  9.675204  0.013441
2014.274823478  9.666078  0.019111
2014.279582104  9.700933  0.021189
2014.280529767  9.702575  0.012987
2014.284397156  9.723690  0.020710
2014.285344819  9.683071  0.012982
2014.289212209  9.701829  0.020463
2014.290159872  9.676855  0.013130
2014.294027261  9.683212  0.018964
2014.294974924  9.674190  0.013246
2014.298842313  9.695298  0.020638
2014.299789976  9.638099  0.013101
2014.303657366  9.650411  0.019308
2014.304605029  9.641246  0.013146
2014.308472418  9.718319  0.020258
2014.309420081  9.695804  0.012960
2014.313287470  9.703629  0.021425
2014.314235133  9.688870  0.013553
2014.319529097  9.724577  0.021785
2014.320488335  9.703612  0.013494
2014.324378873  9.691258  0.022177
2014.325335217  9.698858  0.013326
2014.329214181  9.709253  0.019287
2014.330170525  9.698269  0.013357
2014.334053829  9.683726  0.023338
2014.335015960  9.691919  0.013488
2014.338900712  9.655866  0.019607
2014.339859949  9.660394  0.013268
2014.343736019  9.656961  0.018681
2014.344692363  9.665127  0.013080
2014.348571327  9.673063  0.020150
2014.349530564  9.652916  0.013419
2014.353419656  9.709381  0.021911
2014.354378893  9.690879  0.013716
2014.359500685  9.704809  0.023112
2014.360457028  9.710837  0.013616
2014.364333098  9.704363  0.025168
2014.365287995  9.695200  0.012988
2014.369162619  9.695371  0.021935
2014.370107388  9.685927  0.013480
2014.373977670  9.732188  0.022280
2014.374922439  9.701358  0.013559
2014.378792722  9.718410  0.020514
2014.379737491  9.696720  0.013226
2014.383607774  9.708723  0.019567
2014.384552543  9.700102  0.013082
2014.388422826  9.748987  0.021737
2014.389367595  9.730329  0.012997
2014.393237877  9.762068  0.019944
2014.394182646  9.745835  0.013084
2014.399522909  9.723776  0.021552
2014.400511082  9.717047  0.013873
2014.404446472  9.718616  0.019644
2014.405431753  9.711521  0.013518
2014.409355568  9.720110  0.020552
2014.410339401  9.722655  0.013475
2014.415247050  9.714876  0.014151
2014.419170865  9.709772  0.019819
2014.420154699  9.706917  0.013932
2014.424078514  9.706634  0.020238
2014.425062347  9.705114  0.013518
2014.428986162  9.696335  0.022078
2014.429969996  9.722086  0.013738
2014.433893811  9.737903  0.022347
2015.613237500  9.742672  0.020512
2015.614308154  9.724718  0.013167
2015.618399855  9.736816  0.018927
2015.619464721  9.724547  0.012968
2015.623557868  9.709756  0.019633
2015.624618393  9.699500  0.012920
2015.628718774  9.778956  0.019703
2015.629783640  9.754471  0.013069
2015.633876785  9.754468  0.019470
2015.634941651  9.737196  0.013341
2015.639042029  9.782869  0.021424
2015.640106895  9.753647  0.013147
2015.644202932  9.739842  0.019927
2015.645267798  9.726469  0.012887
2015.653187850  9.714636  0.022632
2015.654139861  9.714123  0.013238
2015.658014529  9.709863  0.020103
2015.658969434  9.718889  0.013668
2015.662854229  9.761844  0.021580
2015.663817815  9.705404  0.013233
2015.667701163  9.723669  0.026311
2015.668660408  9.703085  0.013580
2015.683170822  9.699993  0.013241
2015.687054168  9.716701  0.020570
2015.688013412  9.707679  0.013484
2015.853183554  9.674919  0.018986
2015.854199224  9.684541  0.013282
2015.858191071  9.718678  0.020157
2015.859208187  9.695840  0.013055
2015.863200034  9.688435  0.019548
2015.864217151  9.662101  0.012999
2015.868208997  9.700373  0.020155
2015.869224667  9.663298  0.013655
2015.873222301  9.694536  0.020083
2015.874233630  9.680509  0.013124
2015.878229817  9.683429  0.020387
2015.879241145  9.664797  0.013102
2015.883241673  9.653009  0.019560
2015.884257342  9.669690  0.013262
2015.888257869  9.677568  0.021304
2015.893287087  9.704163  0.021073
2015.894307096  9.699573  0.013356
2015.898322091  9.714701  0.021279
2015.899339207  9.723414  0.013191
2015.903351308  9.701191  0.025494
2015.904371318  9.713510  0.013714
2015.908379078  9.721785  0.022144
2015.909400535  9.725224  0.013409
2015.913415529  9.745214  0.023889
2015.914432645  9.724232  0.014084
2015.918444746  9.736602  0.021190
2015.919464755  9.702127  0.013706
2015.923472515  9.729639  0.021984
2015.924493971  9.712551  0.014124
2015.928508965  9.730002  0.024910
2016.013319802  9.694866  0.019094
2016.014221170  9.682411  0.013004
2016.017982964  9.664331  0.018588
2016.018881439  9.675994  0.013115
2016.022643233  9.717545  0.019263
2016.023540260  9.699114  0.013172
2016.027306395  9.712882  0.019169
2016.028203422  9.701947  0.012986
2016.031965216  9.710553  0.018069
2016.032863690  9.710177  0.013080
2016.036625484  9.683435  0.018579
2016.037522511  9.672757  0.012866
2016.041288645  9.660276  0.018821
2016.042185672  9.685942  0.012815
2016.045947466  9.677146  0.017917
2016.046845940  9.681941  0.012881
2016.053232298  9.707014  0.021407
2016.054252307  9.700198  0.013271
2016.058255722  9.715649  0.019251
2016.059268497  9.704778  0.012986
2016.063271911  9.673924  0.019049
2016.064284686  9.703880  0.013034
2016.068296782  9.705192  0.020875
2016.069316790  9.688024  0.013116
2016.073312971  9.703884  0.019587
2016.074335873  9.691312  0.013007
2016.078332053  9.683635  0.019090
2016.079346275  9.705230  0.013054
2016.083349689  9.715934  0.022821
2016.084362463  9.717527  0.013186
2016.088365877  9.695453  0.020476
2019.202168923  9.731957  0.019187
2019.203226550  9.728996  0.013364
2019.207306653  9.727427  0.019620
2019.208362833  9.731062  0.013306
2019.212440042  9.758390  0.020806
2019.213496222  9.731153  0.013504
2019.217576324  9.767899  0.020342
2019.218635398  9.726683  0.013167
2019.222709713  9.742816  0.019238
2019.223767340  9.711270  0.012997
2019.227848889  9.703769  0.021953
2019.228900729  9.697996  0.012985
2019.232980831  9.703500  0.020886
2019.234037011  9.695244  0.013313
2019.242077114  9.734075  0.022174
2019.243069634  9.726433  0.013567
2019.247035435  9.731582  0.024176
2019.248026507  9.722570  0.013285
2019.251985074  9.719567  0.023108
2019.252977594  9.707887  0.013485
2019.256943395  9.717191  0.021429
2019.257934467  9.713483  0.013451
2019.261893034  9.719058  0.024495
2019.262885553  9.714726  0.013181
2019.266851354  9.706018  0.024018
2019.267842427  9.701484  0.013420
2019.271800993  9.685028  0.020355
2019.272793513  9.694855  0.013216
2019.276759313  9.687511  0.023498
2019.322205994  9.707797  0.022514
2019.323192726  9.691625  0.013069
2019.327128142  9.703908  0.021501
2019.328116320  9.708803  0.012944
2019.332066205  9.678804  0.019765
2019.333054384  9.686796  0.013316
2019.336989800  9.700501  0.020967
2019.337970744  9.718143  0.013235
2019.341901820  9.726342  0.021311
2019.342878423  9.715015  0.013561
2019.346809499  9.701205  0.020595
2019.347786103  9.694123  0.013026
2019.351717178  9.692458  0.019731
2019.352693782  9.698239  0.012939
2019.356624857  9.711762  0.020518
2019.357601461  9.707849  0.013204
2019.362177826  9.688576  0.022084
2019.363226772  9.681278  0.012951
2019.367288063  9.703105  0.025831
2019.368335562  9.690808  0.013334
2019.372399746  9.704586  0.021501
2019.373445798  9.699000  0.013134
2019.377505642  9.703284  0.021146
2019.378551694  9.701596  0.013161
2019.382610091  9.710263  0.023204
2019.383659036  9.709043  0.013432
2019.387723220  9.695240  0.023623
2019.388767826  9.686594  0.013287
2019.393876615  9.681670  0.012977
2019.397937905  9.731936  0.023367
2019.402281316  9.704029  0.021386
2019.403298431  9.698808  0.013131
2019.407310529  9.701610  0.020609
2019.408330538  9.689280  0.013064
2019.412338295  9.706951  0.021441
2019.413355410  9.691020  0.012976
2019.417366060  9.684869  0.022813
2019.418391857  9.692044  0.013208
2019.422403954  9.701905  0.021308
2019.423423963  9.691710  0.013266
2019.427431719  9.689619  0.020502
2019.428448835  9.682789  0.013147
2019.432459485  9.670153  0.021045
2019.433485281  9.678591  0.013114
2019.437497378  9.694508  0.022079
2019.602235868  9.708896  0.023706
2019.603193662  9.704874  0.013204
2019.607066861  9.711023  0.019663
2019.608023209  9.698842  0.013328
2019.611897854  9.692903  0.021641
2019.612854201  9.716092  0.013506
2019.616725953  9.720772  0.020509
2019.617672173  9.714941  0.013177
2019.621541031  9.713646  0.022671
2019.622487250  9.731928  0.013179
2019.626356108  9.715176  0.022527
2019.627302328  9.717032  0.013620
2019.631171185  9.713322  0.022452
2019.632117405  9.711329  0.013001
2019.635986263  9.713048  0.021897
2019.636932482  9.701025  0.013118
2020.419394958  9.717675  0.026496
2020.420367219  9.722623  0.013657
2020.425248844  9.722162  0.013540
2020.429156760  9.742665  0.025837
2020.430129022  9.736141  0.013402
2020.434039832  9.727125  0.022946
2020.435012093  9.723670  0.013486
2020.438922903  9.740984  0.023214
2020.439895165  9.736275  0.013641
2020.443803081  9.705266  0.024539
2020.444775342  9.714653  0.013236
2020.448686152  9.694641  0.024099
2020.449658414  9.703746  0.013480
2020.453570670  9.709337  0.024519
2020.454542932  9.699358  0.013216
2020.459334865  9.725326  0.024855
2020.460311467  9.702309  0.013275
2020.464219383  9.708594  0.024457
2020.465191644  9.701164  0.013317
2020.469106795  9.694668  0.019925
2020.470080503  9.692310  0.013450
2020.473997100  9.723262  0.019269
2020.474972255  9.714787  0.013063
2020.478881618  9.709676  0.021154
2020.479853879  9.700346  0.013083
2020.483769029  9.712387  0.021732
2020.484741291  9.716289  0.013439
2020.488647760  9.679469  0.019930
2020.489618575  9.696620  0.013368
2020.493535172  9.707794  0.020829
2020.494510327  9.702322  0.013387
2020.499354345  9.719473  0.020188
2020.500325160  9.733173  0.013067
2020.504233076  9.741828  0.020643
2020.505205337  9.724868  0.013188
2020.509121934  9.722684  0.020528
2020.510094196  9.725612  0.013259
2020.514006452  9.721546  0.019460
2020.514978713  9.721873  0.013224
2020.518890970  9.715572  0.020723
2020.519863231  9.721280  0.013122
2020.523771147  9.740710  0.020082
2020.524743408  9.744051  0.013172
2020.528660005  9.733833  0.021716
2020.529632266  9.748050  0.013400
2020.534516784  9.735432  0.013236
2020.539314503  9.732911  0.021620
2020.540320042  9.734405  0.013182
2020.544298853  9.730474  0.020423
2020.545304391  9.736221  0.013106
2020.549278861  9.701890  0.021889
2020.550288741  9.734879  0.013224
2020.554263210  9.732044  0.019484
2020.555271643  9.731603  0.013167
2020.559247560  9.731648  0.021875
2020.560251651  9.737352  0.013002
2020.564231909  9.764954  0.019768
2020.565236000  9.755479  0.013362
2020.569217704  9.755268  0.021818
2020.570220349  9.754752  0.013225
2020.574196266  9.753402  0.019768
2020.579280447  9.714214  0.023882
2020.580297560  9.717958  0.013234
2020.584298073  9.725886  0.020415
2020.585313739  9.718230  0.013021
2020.589317146  9.720861  0.020045
2020.590329919  9.724205  0.012956
2020.594326091  9.727980  0.020588
2020.595346098  9.723611  0.013076
2020.599342270  9.719884  0.020858
2020.600363724  9.703169  0.013323
2020.604358449  9.707251  0.018978
2020.605382797  9.714603  0.012994
2020.609374628  9.695225  0.019512
2020.610391742  9.713814  0.013061
2020.614392254  9.721380  0.020495
2020.619174046  9.671717  0.021310
2020.620154988  9.666667  0.013264
2020.624081712  9.687974  0.022847
2020.625062655  9.684178  0.013400
2020.628989379  9.703621  0.024223
2020.629970321  9.684965  0.013192
2020.633897045  9.696262  0.020529
2020.634877987  9.687868  0.013280
2020.638804711  9.687789  0.021679
2020.639785654  9.686794  0.012870
2020.643712377  9.687120  0.021629
2020.644693320  9.691116  0.013520
2020.648620044  9.683326  0.019738
2020.649600986  9.676252  0.013271
2020.653527710  9.671013  0.021833
2206.486237600  9.723494  0.021335
2206.487315382  9.705719  0.013037
2206.491439818  9.725965  0.022036
2206.492516154  9.726819  0.013014
2206.496640589  9.746161  0.021431
2206.497716924  9.731967  0.012925
2206.501837020  9.729859  0.021191
2206.502906122  9.715020  0.013133
2206.507026217  9.691937  0.023343
2206.508106893  9.704342  0.012986
2374.342247350  9.726103  0.022167
2374.343210935  9.694758  0.013050
2374.347098615  9.717606  0.020795
2374.348056412  9.706100  0.012989
2374.351933964  9.713160  0.022572
2374.352890314  9.709356  0.013625
2374.356776546  9.721583  0.023144
2374.357737236  9.696178  0.013172
2374.361622021  9.726892  0.022030
2374.362575477  9.705338  0.013303
2374.366455920  9.704997  0.021419
2374.367415163  9.708123  0.013037
2374.371298500  9.739991  0.023065
2374.372254849  9.730455  0.013084
2374.376141079  9.760330  0.019626
2374.377101768  9.755068  0.013021
2374.427597955  9.958827  0.023850
2374.428538388  9.938286  0.014103
2374.432381206  9.980536  0.025332
2374.433317298  9.946789  0.013394
2374.437160115 10.000533  0.023321
2374.438100548  9.940745  0.013702
2374.441950599  9.980277  0.023755
2374.442891031  9.974751  0.013531
2374.446733848  9.966472  0.025026
2374.447669940  9.966332  0.013762
2374.451512756 10.039022  0.023301
2374.452453188 10.000341  0.013860
2374.456303238 10.039597  0.022950
2374.457243670 10.033335  0.013567
2374.461086485 10.036616  0.027218
2374.462022577 10.030437  0.014729
2374.465865392 10.099928  0.026848
2374.470318759 10.093027  0.027460
2374.471353236 10.069142  0.014220
2374.475397160 10.057644  0.028930
2374.476430190 10.099751  0.013745
2374.480459645 10.095448  0.023842
2374.481495569 10.090044  0.014361
2374.485532258 10.094584  0.027409
2374.486556607 10.092157  0.013583
2374.490584615 10.120747  0.026742
2374.491616197 10.103956  0.013826
2374.495645652 10.137361  0.030625
2374.496681575 10.125644  0.014061
2374.500718263 10.159158  0.029249
2374.501742611 10.133481  0.013944
2374.505770618 10.181930  0.026440
2374.506802201 10.144791  0.013988
2374.513019271 10.170019  0.024157
2374.514026257 10.157412  0.014189
2374.518006518 10.178358  0.029087
2374.519014951 10.158118  0.013682
2374.522993764 10.195489  0.024325
2374.523999303 10.158377  0.014128
2374.527978116 10.169606  0.024760
2374.528982208 10.165900  0.014731
2374.532962467 10.188971  0.027323
2374.533966560 10.168330  0.013999
2374.537946819 10.177083  0.025330
2374.538950911 10.182104  0.013974
2374.542934063 10.180511  0.028065
2374.543939602 10.158074  0.014070
2374.547918414 10.160460  0.027073
2374.548923953 10.154152  0.013913
2374.641043964  9.856537  0.022764
2374.642072651  9.830338  0.013163
2374.646096309  9.844717  0.020809
2374.647124997  9.835564  0.013168
2374.651148655  9.851560  0.021529
2374.652177342  9.857672  0.013657
2374.656209681  9.858731  0.021537
2374.657239815  9.842395  0.013181
2374.661267813  9.841827  0.020410
2374.662295054  9.831597  0.013250
2374.666318711  9.811713  0.020124
2374.667347399  9.821999  0.013274
2374.671375396  9.807584  0.020251
2374.672404084  9.744745  0.013005
2374.676427741  9.762257  0.019512
2374.677456428  9.745279  0.012903
2374.769106099  9.744581  0.022153
2374.770058104  9.711750  0.012853
2374.773932734  9.724942  0.019093
2374.774884738  9.717603  0.012980
2374.778760815  9.697510  0.022015
2374.779715713  9.713983  0.013003
2374.783594683  9.733877  0.020624
2374.784548134  9.717991  0.013623
2374.788422763  9.735248  0.019464
2374.789382002  9.701771  0.012935
2374.793253737  9.719561  0.021049
2374.794210082  9.707495  0.013321
2374.798084711  9.713178  0.020646
2374.799036715  9.695641  0.013053
2374.802915685  9.748532  0.021959
2374.803867689  9.706350  0.013602
2374.807743765  9.718779  0.020736
2374.811831067  9.703590  0.019889
2374.812826476  9.700645  0.013117
2374.816785021  9.687730  0.020006
2374.817781877  9.700115  0.012951
2374.821744762  9.691445  0.019822
2374.822741618  9.697891  0.013183
2374.826701609  9.728080  0.019346
2374.827698465  9.718681  0.012985
2374.831665691  9.734426  0.020893
2374.832658206  9.717711  0.013251
2374.836616750  9.740936  0.021781
2374.837619394  9.731059  0.013067
2374.841577938  9.740121  0.019002
2374.842573347  9.723696  0.013109
2374.846533338  9.740342  0.020683
2374.847533087  9.737507  0.013073
2374.939948025  9.712544  0.020041
2374.940944881  9.701572  0.012935
2374.944912104  9.732943  0.021054
2374.945904618  9.683884  0.012983
2374.949863160  9.691048  0.018639
2374.950865803  9.692685  0.013105
2374.954824344  9.693761  0.019813
2374.955819753  9.681123  0.013079
2374.959779741  9.679983  0.019874
2374.960779490  9.697852  0.012952
2374.964739478  9.721806  0.018502
2374.965736333  9.714618  0.012868
2374.969696322  9.725690  0.021321
2374.970696070  9.704739  0.012963
2374.974656058  9.731616  0.019028
2374.975651467  9.703309  0.013181
2375.068114090  9.727259  0.019399
2375.069118179  9.726991  0.012964
2375.073082505  9.723848  0.019957
2375.074082254  9.718625  0.013263
2375.078053815  9.715256  0.019246
2375.079050670  9.713931  0.013029
2375.083017890  9.698569  0.019422
2375.084026319  9.709215  0.013161
2375.087990645  9.714359  0.020543
2375.088990394  9.707310  0.013318
2375.092961954  9.728793  0.020211
2375.093958809  9.698296  0.012875
2375.097926029  9.742405  0.019605
2375.098934458  9.727787  0.013038
2375.102898784  9.745238  0.019547
2375.103898533  9.729901  0.013043
2375.110817286  9.723250  0.019117
2375.111822822  9.708445  0.012948
2375.115801616  9.732365  0.023541
2375.116814386  9.712317  0.013215
2375.120790286  9.708567  0.019868
2375.121800163  9.703393  0.012941
2375.125781850  9.691214  0.019485
2375.126787386  9.698440  0.013184
2375.130770520  9.736314  0.021501
2375.131774609  9.705798  0.013000
2375.135766424  9.709549  0.020626
2375.136770513  9.701840  0.012995
2375.140755094  9.726664  0.019282
2375.141759183  9.717939  0.013101
2375.145750998  9.727358  0.019327
2375.146755087  9.713389  0.013066
2375.153488645  9.735277  0.021525
2375.154533245  9.726453  0.013277
2375.158594508  9.704627  0.022350
2375.159642001  9.720452  0.013095
2375.163706158  9.717307  0.019658
2375.164752205  9.715829  0.012944
2375.168812020  9.699455  0.018801
2375.169858067  9.709279  0.012941
2375.173916436  9.733992  0.019289
2375.174965376  9.705707  0.013000
2375.179029532  9.707280  0.018946
2375.180074132  9.692173  0.012964
2375.184138288  9.704858  0.019074
2375.185182888  9.703553  0.013242
2375.189244151  9.752741  0.018985
2375.190291644  9.723772  0.013102
2375.238842917  9.708015  0.018492
2375.239792026  9.717791  0.013154
2375.243657965  9.718231  0.020318
2375.244607074  9.710214  0.013097
2375.248473014  9.706426  0.019168
2375.249422123  9.711841  0.013138
2375.253288062  9.723864  0.020662
2375.254237171  9.713234  0.013373
2375.258103110  9.711888  0.020313
2375.259052219  9.713813  0.013328
2375.262918158  9.714539  0.019037
2375.263867267  9.710121  0.013027
2375.267733206  9.709041  0.018352
2375.268682315  9.718369  0.012927
2375.272548255  9.693003  0.021353
2375.273497363  9.711507  0.013270
2375.277363302  9.730166  0.018842
2375.281538852  9.720476  0.020726
2375.282490854  9.722095  0.013050
2375.286365474  9.749654  0.019439
2375.287321817  9.721542  0.013078
2375.291196437  9.724844  0.020641
2375.292152780  9.705709  0.013179
2375.296028847  9.724757  0.019563
2375.296980849  9.709742  0.013064
2375.300859809  9.732281  0.019476
2375.301814706  9.726634  0.013024
2375.305686432  9.756790  0.021804
2375.306642775  9.732885  0.013004
2375.310517394  9.725117  0.019108
2375.311473737  9.707216  0.012875
2375.315348357  9.744972  0.019123
2375.316304700  9.713285  0.013008
2375.324327378  9.710459  0.019526
2375.325259125  9.694130  0.013291
2375.329085999  9.719081  0.021553
2375.330013405  9.702284  0.013060
2375.333847513  9.708945  0.020281
2375.334780707  9.690630  0.013286
2375.338606134  9.674302  0.021694
2375.339534987  9.685229  0.012982
2375.343369095  9.694298  0.019464
2375.344300842  9.684679  0.013254
2375.348127716  9.700413  0.020976
2375.349056569  9.688745  0.013016
2375.352883442  9.708747  0.020643
2375.353810849  9.681411  0.013037
2375.357644956  9.682643  0.020534
2375.358578150  9.679516  0.013153
2375.362403577  9.697417  0.019088
2375.367105771  9.675814  0.019718
2375.368062114  9.684407  0.013293
2375.371941073  9.705586  0.019768
2375.372893075  9.695006  0.013370
2375.376772034  9.706318  0.020329
2375.377728377  9.702547  0.013508
2375.381600102  9.724384  0.020777
2375.382559339  9.710323  0.013581
2375.386442638  9.722212  0.020429
2375.387398981  9.702256  0.013301
2375.391277940  9.721776  0.020775
2375.392229942  9.705594  0.013245
2375.396108901  9.706260  0.019888
2375.397060904  9.702672  0.013173
2375.400939863  9.712955  0.019075
2375.401896205  9.688849  0.013095
2375.409777093  9.700397  0.020081
2375.410769606  9.690894  0.013104
2375.414719459  9.700627  0.021268
2375.415710526  9.700806  0.013032
2375.419661826  9.704290  0.019920
2375.420657233  9.705898  0.013256
2375.424611427  9.725484  0.021842
2375.425601047  9.707934  0.013436
2375.429553794  9.714516  0.020540
2375.430541967  9.705611  0.013102
2375.434500501  9.711528  0.021840
2375.435493014  9.697907  0.013345
2375.439442867  9.708638  0.018759
2375.440433934  9.701885  0.013371
2375.444385234  9.704898  0.020154
2375.452525091  9.734942  0.020436
2375.453490115  9.709803  0.013250
2375.457387882  9.722607  0.019608
2375.458352905  9.717845  0.013227
2375.462252119  9.711232  0.021049
2375.463212802  9.707420  0.013039
2375.467110569  9.719095  0.019242
2375.468075593  9.694549  0.013104
2375.471974807  9.710752  0.019118
2375.472935490  9.702333  0.012955
2375.476833256  9.713854  0.019737
2375.477798280  9.709901  0.013061
2375.481697494  9.727864  0.018826
2375.482658177  9.704848  0.012948
2375.486555943  9.716354  0.021050
2375.487520967  9.705834  0.013045
2375.537863369  9.693591  0.021258
2375.538903627  9.717951  0.013416
2375.542947523  9.706721  0.021008
2375.543984888  9.716000  0.013207
2375.548028784  9.729193  0.020690
2375.549061808  9.700374  0.013032
2375.553105704  9.720641  0.021992
2375.554143068  9.711812  0.013457
2375.558182623  9.698828  0.019817
2375.559218542  9.705618  0.013271
2375.563262437  9.706421  0.019885
2375.564295461  9.703917  0.013143
2375.568336463  9.722858  0.019868
2375.569372381  9.719462  0.013155
2375.573411936  9.720280  0.022099
2375.574449301  9.715915  0.013262
2375.580572288  9.726972  0.020543
2375.581518503  9.753063  0.013298
2375.585377204  9.725326  0.022027
2375.586321972  9.718512  0.013185
2375.590180673  9.737477  0.020820
2375.591128335  9.699565  0.013045
2375.594991376  9.734337  0.021634
2375.595936144  9.709429  0.013050
2375.599802079  9.747552  0.020183
2375.600751187  9.759210  0.013085
2375.604617123  9.752669  0.021081
2375.605566231  9.751028  0.013175
2375.609432166  9.755865  0.023045
2375.610381274  9.739657  0.013466
2375.614247209  9.779302  0.024338
2375.615196318  9.749095  0.013401
2375.619062253  9.747993  0.021750
2375.623357885  9.704671  0.018787
2375.624311333  9.689076  0.012965
2375.629129270  9.652553  0.012970
2375.633000993  9.705257  0.019510
2375.633944313  9.694044  0.013015
2375.637816036  9.733828  0.019550
2375.638759357  9.700388  0.013013
2375.642631079  9.718612  0.020545
2375.643574400  9.733324  0.013174
2375.647446122  9.737987  0.019492
2375.648389443  9.733130  0.013143
2375.652261165  9.735731  0.021311
2375.653204485  9.716658  0.013103
2375.657076207  9.714755  0.019447
2375.658019528  9.705959  0.013042
2375.661891250  9.725811  0.021800
2375.662834571  9.722553  0.013133
2375.666706293  9.748181  0.019850
2375.688679265  9.740440  0.020049
2375.689651523  9.725325  0.013319
2375.693570990  9.756832  0.021005
2375.694543247  9.754027  0.013705
2375.698462714  9.729402  0.019530
2375.699434971  9.709657  0.013487
2375.703345757  9.717106  0.021125
2375.704316567  9.718917  0.013804
2375.708233141  9.729487  0.020243
2375.709205398  9.699657  0.013444
2375.713124865  9.741873  0.019640
2375.714097122  9.700875  0.013339
2375.718016589  9.741426  0.020162
2375.718988846  9.724265  0.013236
2375.722908313  9.730469  0.020863
2375.723880570  9.736009  0.013222
2375.731419999  9.712818  0.019106
2375.732455917  9.716506  0.012981
2375.736505598  9.711013  0.019141
2375.737544409  9.703923  0.013680
2375.741588303  9.723769  0.019148
2375.742625667  9.717265  0.013322
2375.746669561  9.746814  0.018929
2375.747709819  9.711747  0.013350
2375.751758053  9.699126  0.018914
2375.752795418  9.713180  0.013458
2375.756839311  9.711541  0.020289
2375.757879569  9.713856  0.013325
2375.761923463  9.696134  0.019438
2375.762965168  9.683836  0.013707
2375.767016295  9.716382  0.020606
2375.768058000  9.703990  0.013007
2375.774078260  9.726469  0.020571
2375.775106943  9.721870  0.013319
2375.779134921  9.711144  0.024023
2375.780165052  9.724927  0.013131
2375.784193030  9.732908  0.025867
2375.785220266  9.726185  0.013264
2375.789243904  9.742734  0.019761
2375.790272587  9.738179  0.013243
2375.794300565  9.741534  0.022139
2375.795329249  9.728958  0.013132
2375.799352886  9.734672  0.022039
2375.800381570  9.729203  0.013187
2375.804413888  9.714031  0.020147
2375.805444018  9.715254  0.013136
2375.809471996  9.725890  0.022376
2375.810499233  9.724896  0.012995
2375.859420811  9.677518  0.021094
2375.860433579  9.686113  0.013229
2375.864428280  9.687317  0.020326
2375.865446835  9.691904  0.013331
2375.869437195  9.692264  0.021116
2375.870452857  9.699001  0.013312
2375.874444664  9.699528  0.021005
2375.875461772  9.701107  0.013201
2375.879453579  9.715149  0.022192
2375.880466347  9.711919  0.013418
2375.884453813  9.702397  0.020659
2375.885466581  9.715232  0.013563
2375.889454047  9.726597  0.021134
2375.890466815  9.710780  0.013298
2375.894454281  9.710687  0.021725
2375.895467050  9.695791  0.013265
2375.944802411  9.650843  0.022045
2375.945779009  9.642825  0.013171
2375.949694133  9.637323  0.020746
2375.950670730  9.662211  0.013014
2375.954578620  9.659016  0.019534
2375.955550877  9.627593  0.012964
2375.959466001  9.633813  0.020800
2375.960441152  9.628367  0.012994
2375.964356276  9.649510  0.020483
2375.965332873  9.634979  0.013302
2375.969247997  9.676375  0.021667
2375.970224594  9.631836  0.012906
2375.974139718  9.640260  0.019827
2375.975116316  9.639416  0.012978
2375.979024205  9.656792  0.019716
2375.979996462  9.636803  0.012908
2375.987509844  9.719574  0.020752
2375.988498016  9.704949  0.012885
2375.992450757  9.716123  0.020334
2375.993434589  9.691853  0.012986
2375.997381543  9.710461  0.020261
2375.998374055  9.719052  0.013046
2376.002321009  9.720550  0.020858
2376.003313521  9.687467  0.012876
2376.007266262  9.716575  0.020740
2376.008250094  9.701488  0.013062
2376.012197048  9.719513  0.020870
2376.013189560  9.701733  0.012973
2376.017136514  9.726886  0.023725
2376.018129026  9.693908  0.013069
2376.022081767  9.664981  0.018891
2376.023065598  9.678876  0.012898
2376.030230294  9.702735  0.018523
2376.031201104  9.709536  0.013014
2376.035108994  9.700897  0.018960
2376.036081250  9.700288  0.012979
2376.039996374  9.686974  0.019465
2376.040968630  9.693582  0.013117
2376.044883754  9.695166  0.019332
2376.045860351  9.706073  0.013002
2376.049775474  9.702855  0.020067
2376.050752072  9.709214  0.013000
2376.054668642  9.710673  0.020554
2376.055646686  9.697378  0.013146
2376.059554575  9.708253  0.019389
2376.060526831  9.703749  0.012895
2376.064441954  9.719883  0.020150
2376.065414211  9.705882  0.013071
2376.158254174  9.692350  0.022292
2376.159187367  9.700231  0.013339
2376.163014233  9.700342  0.020934
2376.163948872  9.694753  0.013496
2376.167775738  9.723580  0.023546
2376.168708930  9.704812  0.013320
2376.172544477  9.692588  0.020454
2376.173470435  9.683984  0.013824
2376.177301641  9.696374  0.019360
2376.178229046  9.693615  0.013152
2376.182060252  9.709628  0.021977
2376.182996338  9.716181  0.013306
2376.186823204  9.744275  0.021316
2376.187754949  9.717956  0.013085
2376.191589049  9.716589  0.020477
2376.192522241  9.701477  0.013442
2376.196349107  9.704644  0.020365
2376.197283746  9.688405  0.012986
2376.201110611  9.687560  0.022609
2376.202043804  9.689026  0.013157
2376.205879350  9.697078  0.021547
2376.206805308  9.691606  0.013033
2376.210636514  9.709481  0.021185
2376.211563919  9.688372  0.013275
2376.215395125  9.700909  0.020324
2376.216727652  9.691380  0.020435
2376.217655057  9.691138  0.013327
2376.221481922  9.689660  0.018684
2376.222415114  9.678962  0.013165
2376.227176619  9.695751  0.013175
2376.231007825  9.705487  0.020035
2376.231935230  9.707517  0.013381
2376.235766435  9.705181  0.020237
2376.236702521  9.699460  0.013526
2376.240529386  9.697860  0.021043
2376.288277535  9.724856  0.019873
2376.289296090  9.717394  0.013283
2376.293280658  9.705412  0.021730
2376.294296320  9.706589  0.013089
2376.298280888  9.708513  0.020981
2376.299296550  9.700398  0.013061
2376.303281118  9.692936  0.022434
2376.304296780  9.690148  0.013198
2376.308281348  9.681755  0.018799
2376.309297009  9.680766  0.013145
2376.313281578  9.722179  0.020057
2376.314297239  9.712550  0.013101
2376.318281808  9.686309  0.019956
2376.319297469  9.699254  0.013145
2376.323282038  9.686708  0.021105
2376.324297699  9.703591  0.013178
2376.330951661  9.729724  0.019745
2376.331892087  9.688100  0.013326
2376.335739207  9.725686  0.023775
2376.336679633  9.689063  0.013200
2376.340529647  9.719363  0.020043
2376.341465733  9.687048  0.013175
2376.345308512  9.705301  0.019790
2376.346248938  9.683689  0.013123
2376.350098952  9.687513  0.019889
2376.351039378  9.681915  0.013047
2376.354882157  9.714438  0.021491
2376.355818243  9.689638  0.013142
2376.359661023  9.713028  0.020407
2376.360601449  9.691182  0.013055
2376.364451462  9.683954  0.018514
2376.365391888  9.693013  0.013037
2376.369234668  9.710901  0.021160
2376.373634464  9.677034  0.019836
2376.374626976  9.676797  0.013114
2376.378572480  9.675457  0.019449
2376.379559205  9.679330  0.013127
2376.383503261  9.689014  0.019689
2376.384491433  9.675562  0.013228
2376.388438383  9.695835  0.020647
2376.389426555  9.670024  0.013159
2376.393366271  9.675338  0.019864
2376.394360230  9.677485  0.013135
2376.398310074  9.680414  0.020117
2376.399302586  9.676495  0.013219
2376.403242302  9.689285  0.020956
2376.404230474  9.686078  0.013653
2376.408177424  9.676157  0.019286
2376.409165595  9.671673  0.012961
2376.413111099  9.688688  0.019826
2376.414097823  9.692526  0.012914
2376.418041880  9.694047  0.019245
2376.419030051  9.702945  0.013021
2376.422977002  9.680090  0.020072
2376.423965173  9.688627  0.013335
2376.427904889  9.676487  0.021321
2376.428898848  9.675747  0.012945
2376.432848692  9.683374  0.019298
2376.434230410  9.690813  0.019000
2376.435218581  9.674042  0.013128
2376.439165531  9.658733  0.019739
2376.440153703  9.677654  0.013060
2376.444093419  9.666161  0.020768
2376.445081590  9.669979  0.013023
2376.449038668  9.687758  0.019011
2376.450025393  9.672730  0.013177
2376.454957620  9.678558  0.012911
2376.458904570  9.673840  0.019985
2376.459892742  9.694151  0.013032
2376.463832457  9.668679  0.018864
2376.464826416  9.686338  0.013050
2376.468776260  9.682847  0.018916
2376.469768771  9.677217  0.013171
2376.688935285  9.716495  0.019158
2376.689943711  9.698350  0.013494
2376.693938405  9.716594  0.020734
2376.694959853  9.703445  0.013295
2376.698957440  9.735242  0.021205
2376.699974547  9.724097  0.013799
2376.703957666  9.752204  0.020327
2376.704974774  9.709083  0.013473
2376.708957892  9.732750  0.020916
2376.709975000  9.711624  0.013075
2376.713958119  9.732115  0.024524
2376.714975226  9.718072  0.013539
2376.718958345  9.747135  0.023069
2376.719975452  9.712913  0.013425
2376.723958571  9.718134  0.019131
2376.724975678  9.714382  0.014217
2376.731602146  9.719045  0.023901
2376.732662658  9.725351  0.013336
2376.736755735  9.737644  0.021245
2376.737816248  9.742104  0.013210
2376.741912219  9.700955  0.021562
2376.742974178  9.678159  0.013701
2376.747065808  9.700103  0.019055
2376.748126320  9.687996  0.013362
2376.752219398  9.686818  0.019548
2376.753279910  9.688530  0.013249
2376.757375881  9.670394  0.020816
2376.758437840  9.681887  0.013454
2376.762529470  9.682828  0.020540
2376.763589982  9.682828  0.013531
2376.767683059  9.682093  0.021352
2376.768743571  9.634653  0.013225
2376.859860256  9.676547  0.019516
2376.860809362  9.677575  0.013182
2376.864675288  9.686699  0.020018
2376.865624395  9.672332  0.013201
2376.869490320  9.686832  0.020582
2376.870439427  9.685985  0.012933
2376.874305353  9.684898  0.019895
2376.875254459  9.685792  0.013003
2376.879120385  9.682380  0.019008
2376.880069492  9.687817  0.012995
2376.883935418  9.697388  0.020069
2376.888750450  9.676445  0.020565
2376.889699557  9.696654  0.012944
2376.893565483  9.703870  0.019081
2376.894514590  9.686656  0.012966
2376.898380516  9.677072  0.018661
2376.899329622  9.693782  0.013476
2376.903195548  9.698989  0.020715
2376.904144655  9.683611  0.013194
2376.908010581  9.675934  0.020486
2376.908959688  9.668924  0.012831
2376.912825614  9.668311  0.018785
2376.913774721  9.681151  0.013033
2376.917640647  9.709429  0.020743
2376.918986194  9.703287  0.018211
2376.919929513  9.702820  0.013070
2376.923789652  9.721506  0.019557
2376.924732972  9.716747  0.013003
2416.437276489  9.719448  0.019166
2416.438277701  9.727935  0.013759
2416.442236332  9.734402  0.022391
2416.443231757  9.724701  0.013738
2416.447187493  9.767151  0.021263
2416.448185812  9.744543  0.013558
2416.452144442  9.755986  0.020849
2416.453139867  9.738805  0.013562
2416.457095603  9.745439  0.022141
2416.458093922  9.736484  0.013539
2595.767307962  9.727897  0.018776
2595.768336559  9.720585  0.013038
2595.772364078  9.744126  0.019128
2595.773394122  9.716623  0.012954
2595.777421641  9.708660  0.020113
2595.778448791  9.712104  0.012969
2595.782471969  9.715034  0.019051
2595.783500566  9.712424  0.013160
2595.787528084  9.702028  0.018946
2595.788556681  9.697945  0.012973
2595.792579858  9.713336  0.020752
2595.793608456  9.716902  0.013043
2595.797640312  9.699036  0.024658
2595.798670356  9.710509  0.012893
2595.802697873  9.715960  0.019774
2595.803725023  9.710799  0.013151
2595.810175712  9.723513  0.019165
2595.811176822  9.702049  0.013053
2595.815155151  9.714415  0.020619
2595.816159154  9.705588  0.012829
2595.820138929  9.727927  0.019170
2595.821142933  9.706106  0.012952
2595.825122707  9.700458  0.018680
2595.826126711  9.711106  0.012996
2595.830109378  9.733585  0.017742
2595.831114828  9.721833  0.012863
2595.835093156  9.741283  0.020737
2595.836098606  9.728159  0.013028
2595.840076933  9.761835  0.019098
2595.841082383  9.747019  0.012869
2595.845060710  9.769286  0.019556
2595.846064713  9.745044  0.013114
2595.852853918  9.696677  0.019165
2595.853839114  9.689533  0.013200
2595.857774040  9.687400  0.019148
2595.858765023  9.687912  0.012841
2595.862699949  9.683909  0.020389
2595.863680805  9.666098  0.012872
2595.867615730  9.656480  0.018694
2595.868603820  9.675527  0.012958
2595.872538745  9.705998  0.019079
2595.873526835  9.682343  0.012898
2595.877461759  9.690683  0.019039
2595.878449849  9.676752  0.012972
2595.882384773  9.698619  0.018874
2595.883374310  9.703421  0.012993
2595.887309234  9.715385  0.020996
2595.888300217  9.687192  0.012960
2596.023764707  9.753257  0.019919
2596.024829468  9.733657  0.013413
2596.028926413  9.754545  0.022186
2596.029991175  9.729762  0.013347
2596.034086672  9.736066  0.021162
2596.035151434  9.728222  0.013200
2596.039246932  9.722323  0.019843
2596.040308800  9.724588  0.013081
2596.044399957  9.716178  0.019481
2596.045460379  9.718991  0.013366
2596.049552983  9.721763  0.021333
2596.050617744  9.728626  0.013380
2596.054708901  9.731052  0.019815
2596.055770769  9.735737  0.013350
2596.059861926  9.729415  0.021719
2596.060922347  9.730959  0.013235
2596.066384943  9.707766  0.018999
2596.067380265  9.704424  0.012995
2596.071344114  9.720975  0.018900
2596.072343776  9.715716  0.013105
2596.076314859  9.723228  0.019027
2596.077315967  9.708043  0.012849
2596.081278369  9.717945  0.019187
2596.082286711  9.686571  0.013097
2596.086250560  9.696910  0.019182
2596.087250221  9.687291  0.012805
2596.091221304  9.675628  0.018944
2596.092222411  9.688713  0.013191
2596.096184814  9.694658  0.019457
2596.097193155  9.678101  0.012898
2596.101157004  9.695497  0.019581
2596.102156665  9.681378  0.012884
2596.109041331  9.722395  0.018496
2596.110054012  9.703717  0.012928
2596.114045347  9.725033  0.019084
2596.115058028  9.697663  0.012819
2596.119045023  9.718082  0.020600
2596.120057704  9.717061  0.012953
2596.124044699  9.751729  0.019030
2596.125057380  9.729581  0.012921
2596.129044375  9.729866  0.020268
2596.130057056  9.729897  0.013053
2596.134044050  9.744852  0.019764
2596.135056731  9.727272  0.013314
2596.139043725  9.735539  0.020350
2596.140056406  9.717709  0.013040
2596.144043400  9.721367  0.019050
2596.145056081  9.703008  0.013017
2596.149043075  9.730759  0.020384
2596.150055756  9.716705  0.013187
2596.322694873  9.706895  0.028995
2596.323748060  9.717060  0.013062
2596.327817509  9.719928  0.019006
2596.328867802  9.708363  0.013017
2596.332941591  9.717815  0.020160
2596.333993331  9.715479  0.013073
2596.338068566  9.696949  0.019523
2596.339117413  9.703760  0.012980
2596.343186862  9.706358  0.020982
2596.344237155  9.703378  0.013086
2596.348310943  9.725524  0.021024
2596.349362683  9.707372  0.013104
2596.353437918  9.712919  0.021394
2596.354486765  9.712210  0.013033
2596.358556213  9.712681  0.021397
2596.359606506  9.722178  0.013109
2596.365537810  9.712577  0.018732
2596.366554829  9.693940  0.012828
2596.370550498  9.694369  0.018785
2596.371566071  9.687520  0.012934
2596.375566079  9.702016  0.019149
2596.376574419  9.690566  0.013488
2596.380570087  9.714347  0.019339
2596.381582766  9.704168  0.013117
2596.385581328  9.714281  0.018881
2596.386595454  9.703479  0.012970
2596.390585335  9.706799  0.022006
2596.391600908  9.699977  0.013069
2596.395596576  9.703914  0.018782
2596.396609256  9.701361  0.013272
2596.400600583  9.711927  0.021589
2596.401617603  9.717658  0.012969
2596.408214370  9.749512  0.021173
2596.409133017  9.738019  0.012986
2596.412926151  9.736438  0.018929
2596.413839011  9.721493  0.013087
2596.417636485  9.739032  0.020545
2596.418552239  9.719032  0.012960
2596.422349713  9.691559  0.018960
2596.423266913  9.700895  0.013092
2596.427060047  9.729683  0.021032
2596.427971460  9.703232  0.013079
2596.431770381  9.723430  0.018708
2596.432681794  9.694913  0.012978
2596.436483608  9.724123  0.021520
2596.437403701  9.707516  0.012944
2596.441205515  9.758492  0.019233
2596.442125608  9.724499  0.012920
2596.445927422  9.738476  0.019653
2596.621718560  9.748345  0.018420
2596.622653119  9.745822  0.012986
2596.626495436  9.755967  0.018524
2596.627435782  9.747933  0.012863
2596.631278099  9.754327  0.020790
2596.632216998  9.739094  0.012940
2596.636069442  9.741632  0.018996
2596.637004001  9.739819  0.012899
2596.640846318  9.760052  0.019362
2596.641786663  9.747398  0.012898
2596.645628980  9.762784  0.022395
2596.646567879  9.738268  0.013127
2596.650420322  9.750235  0.018387
2596.651354881  9.738378  0.012956
2596.655197198  9.774922  0.018870
2596.656137544  9.755423  0.012945
2596.659979860  9.773377  0.019303
2596.702504464  9.711865  0.020407
2596.920649278  9.732474  0.021859
2596.921614216  9.716643  0.013073
2596.925508609  9.719210  0.019564
2596.926473547  9.714414  0.013190
2596.930363599  9.714069  0.019790
2596.931331430  9.704392  0.012890
2596.935222929  9.726235  0.020174
2596.936187867  9.727933  0.012961
2596.940080812  9.724913  0.020363
2596.941041410  9.731012  0.013218
2596.944937249  9.757835  0.021562
2596.945899294  9.743052  0.013002
2596.949790792  9.751800  0.021104
2596.950754284  9.734633  0.012988
2596.954648675  9.760952  0.019200
2596.955609273  9.719621  0.013259
2596.959496432  9.729184  0.021301
2596.960459923  9.725409  0.013782
2596.964354315  9.730567  0.019844
2596.965314913  9.721925  0.013060
2596.969209304  9.729303  0.021320
2596.970174242  9.718821  0.013191
2596.974064294  9.705817  0.020626
2596.975032125  9.716784  0.012970
2596.981601390  9.703038  0.018861
2596.982579348  9.694473  0.013047
2596.986482419  9.719020  0.019086
2596.987454590  9.694137  0.013003
2596.991357661  9.724712  0.020811
2596.992329832  9.697972  0.013672
2596.996235797  9.758067  0.021596
2596.997207968  9.735407  0.013244
2597.001111039  9.735322  0.021907
2597.002083210  9.724358  0.013011
2597.005986281  9.685895  0.020127
2597.006958452  9.705241  0.013029
2597.010864417  9.709314  0.019434
2597.011836588  9.696159  0.012806
2597.015739658  9.710116  0.019603
2597.016711830  9.705338  0.012956
2597.024273502  9.714328  0.020469
2597.025270266  9.710943  0.013146
2597.029236990  9.706611  0.019078
2597.030236647  9.718319  0.012996
2597.034204818  9.703290  0.018904
2597.035208815  9.702981  0.012920
2597.039171199  9.712217  0.020522
2597.040176643  9.720323  0.012932
2597.044143366  9.725267  0.020257
2597.045143024  9.717816  0.013164
2597.049111194  9.746637  0.018892
2597.050115192  9.710815  0.013352
2597.054077575  9.679327  0.021417
2597.055083019  9.682111  0.013022
2597.059049742  9.730118  0.019348
2597.060049400  9.729323  0.013096
2597.237914621  9.743754  0.023000
2597.238959124  9.720942  0.013105
2597.243022771  9.728321  0.019742
2597.244067275  9.712593  0.013114
2597.248130921  9.712754  0.021370
2597.249175425  9.675730  0.012890
2597.253236178  9.691916  0.019729
2597.254283575  9.667310  0.013080
2597.258347221  9.681627  0.020022
2597.259393171  9.672967  0.013144
2597.263452478  9.705656  0.020189
2597.264498428  9.685730  0.013449
2597.268560628  9.749054  0.020720
2597.269605131  9.736629  0.013187
2597.273668777  9.735221  0.019108
2597.274713281  9.711532  0.013383
2597.280391397  9.733318  0.021761
2597.281302808  9.711315  0.013283
2597.285085803  9.726416  0.019050
2597.285997213  9.684970  0.013030
2597.289778761  9.699832  0.019257
2597.290687279  9.692388  0.013265
2597.294468826  9.705174  0.023097
2597.295375897  9.687173  0.013168
2597.299158891  9.721317  0.019194
2597.300070302  9.686209  0.013202
2597.303851850  9.690151  0.018970
2597.304760367  9.684582  0.013435
2597.308541915  9.683648  0.021010
2597.309448986  9.670855  0.013307
2597.313231980  9.703891  0.022782
2597.314143390  9.683485  0.012985
2597.317924938  9.722621  0.019754
2597.323093846  9.712388  0.019279
2597.324037084  9.726995  0.013095
2597.327903984  9.750010  0.020105
2597.328851561  9.740361  0.013026
2597.332718461  9.745931  0.021660
2597.333666038  9.740259  0.013188
2597.337532938  9.743232  0.020409
2597.338480515  9.743882  0.012995
2597.342347415  9.740543  0.020303
2597.343294992  9.693706  0.012929
2597.347161892  9.729052  0.021302
2597.348109469  9.689392  0.012847
2597.351976369  9.712116  0.020580
2597.352923946  9.689686  0.013073
2597.356790845  9.693032  0.020157
2597.357738423  9.681395  0.013013
2597.361605322  9.709812  0.019126
2597.365926489  9.692558  0.019059
2597.366904446  9.695793  0.012844
2597.370839338  9.698832  0.018685
2597.371820188  9.693534  0.012948
2597.375746400  9.710701  0.020048
2597.376727251  9.685893  0.013058
2597.380653463  9.720174  0.020585
2597.381634313  9.680114  0.013043
2597.385560525  9.732806  0.020724
2597.386541376  9.716662  0.012928
2597.390467588  9.733288  0.018521
2597.391448438  9.704404  0.012862
2597.395374650  9.746472  0.019358
2597.396355500  9.704716  0.012827
2597.400281712  9.707402  0.019576
2597.401262562  9.688764  0.012995
2597.567742396  9.732155  0.020042
2597.568786898  9.723612  0.013190
2597.572843307  9.712349  0.020072
2597.573890703  9.717347  0.013195
2597.577954345  9.721604  0.020548
2597.579000294  9.718713  0.013065
2597.583059596  9.719475  0.020673
2597.584105546  9.722383  0.013153
2597.588163401  9.724892  0.019665
2597.589212243  9.714997  0.013119
2597.593275885  9.726494  0.018945
2597.594320388  9.716831  0.013077
2597.598384029  9.696740  0.018666
2597.599428532  9.708479  0.013091
2597.603489280  9.710278  0.020708
2597.604536676  9.710900  0.013169
2597.610323285  9.697497  0.020987
2597.611283882  9.692184  0.013008
2597.615158011  9.743151  0.020263
2597.616114268  9.716383  0.013264
2597.619989844  9.735588  0.020216
2597.620943207  9.724228  0.013022
2597.624820230  9.746954  0.019603
2597.625776486  9.739576  0.013018
2597.629650615  9.734117  0.020217
2597.630606872  9.727781  0.013193
2597.634481001  9.727885  0.019124
2597.635437258  9.692946  0.012950
2597.639320067  9.701961  0.020391
2597.640279216  9.689306  0.013313
2597.644154792  9.729240  0.018993
2597.645108155  9.696567  0.012884
2597.653014115  9.721738  0.019256
2597.653953012  9.684615  0.013063
2597.657795314  9.720714  0.021126
2597.658735657  9.680783  0.012967
2597.662577960  9.702967  0.019529
2597.663513963  9.684769  0.012981
2597.667356265  9.699602  0.020451
2597.668296608  9.673024  0.012822
2597.672146144  9.712007  0.020855
2597.673086487  9.706047  0.013135
2597.676928789  9.731657  0.021590
2597.677864792  9.704477  0.012840
2597.681707094  9.729128  0.019667
2597.682647438  9.712779  0.013202
2597.686496973  9.732354  0.021070
2597.687437316  9.708049  0.012867
2597.691279618  9.743230  0.019190
2597.695680346  9.728802  0.021203
2597.696680002  9.713410  0.012981
2597.700659736  9.718586  0.019374
2597.701663732  9.704841  0.013256
2597.705643466  9.692144  0.019241
2597.706647462  9.699875  0.013014
2597.710630089  9.708440  0.019853
2597.711635532  9.686038  0.013181
2597.715613819  9.674675  0.021046
2597.716619262  9.677387  0.013228
2597.720597549  9.698227  0.019967
2597.721602991  9.683687  0.012979
2597.725581279  9.693691  0.020560
2597.726585275  9.688463  0.013221
2597.730565008  9.671552  0.021021
2597.731569004  9.673583  0.012825
2597.903203088  9.735461  0.018919
2597.904257716  9.702853  0.013094
2597.908334373  9.719110  0.019739
2597.909383215  9.708284  0.013027
2597.913458425  9.701956  0.018840
2597.914507267  9.705728  0.013141
2597.918579584  9.704260  0.019860
2597.919637106  9.714374  0.013338
2597.923715209  9.717403  0.019708
2597.924768391  9.723653  0.013274
2597.928839261  9.731036  0.022322
2597.929892443  9.709420  0.012912
2597.933964759  9.708439  0.020958
2597.935020834  9.710659  0.012909
2597.939100384  9.692965  0.020695
2597.940153566  9.693478  0.012954
2597.945779590  9.722640  0.025505
2597.946727166  9.712451  0.013224
2597.951532953  9.721234  0.013178
2597.955399845  9.727419  0.023891
2597.956347420  9.718824  0.013032
2597.960214312  9.738024  0.021891
2597.961161888  9.740944  0.013122
2597.965028779  9.718918  0.020501
2597.965976355  9.723101  0.013117
2597.969843246  9.726424  0.019954
2597.970790822  9.729914  0.013073
2597.974657713  9.733315  0.020917
2597.975605289  9.726961  0.013204
2597.979472180  9.726181  0.021680
2597.980419756  9.703568  0.013077
2597.984286647  9.734988  0.021669
2597.988489179  9.671973  0.019121
2597.989509087  9.702925  0.013759
2597.993520644  9.671176  0.023124
2597.994544892  9.688979  0.013015
2597.998553555  9.718447  0.024889
2597.999577803  9.704072  0.013366
2598.003596593  9.731514  0.022316
2598.004617948  9.715717  0.013280
2598.008628058  9.697881  0.021111
2598.009653753  9.697124  0.013141
2598.013663862  9.723484  0.022948
2598.014685217  9.707998  0.013198
2598.018704007  9.727828  0.021669
2598.019728255  9.701996  0.013380
2598.023736918  9.702682  0.021422
2598.024761166  9.693216  0.013169
2598.031341980  9.751229  0.019191
2598.032272196  9.718637  0.012961
2598.036098580  9.740825  0.020317
2598.037025903  9.732674  0.013053
2598.040852287  9.759870  0.021936
2598.041781056  9.731998  0.013113
2598.045607440  9.789230  0.021240
2598.046534762  9.724730  0.012969
2598.050368380  9.767867  0.024058
2598.051301489  9.731468  0.013007
2598.055126426  9.785504  0.019417
2598.056055195  9.733886  0.013107
2598.059888812  9.756947  0.019781
2598.060820474  9.705269  0.013780
2598.064646858  9.694024  0.020122
2598.065575627  9.673889  0.012942
2598.069402011  9.698547  0.019412
2598.073993692  9.690247  0.020006
2598.075019387  9.695282  0.013130
2598.079030942  9.715973  0.019494
2598.080053744  9.684059  0.012974
2598.084068192  9.706851  0.020843
2598.085088100  9.699994  0.013026
2598.089096762  9.692979  0.022504
2598.090122457  9.708950  0.013075
2598.094138352  9.696423  0.019317
2598.095161154  9.680160  0.012911
2598.099172709  9.702788  0.019460
2598.100198404  9.693735  0.012943
2598.104214299  9.708012  0.021085
2598.105237100  9.697656  0.012833
2598.109251549  9.705711  0.019081
2598.110271457  9.693916  0.012957
3002.608871838  9.757548  0.023763
3002.609838239  9.754956  0.013227
3002.613731272  9.746107  0.021686
3002.614696226  9.745997  0.013194
3002.618595046  9.731647  0.022336
3002.619560000  9.750690  0.013215
3002.623453033  9.765752  0.022782
3002.624417986  9.727549  0.013109
3002.628316806  9.725467  0.025832
3002.629281759  9.722565  0.013112
3002.633174792  9.750164  0.021947
3002.634139745  9.721103  0.013056
3002.638038564  9.729025  0.020380
3002.639003518  9.716728  0.013064
3002.642896550  9.732969  0.019886
3002.643861503  9.714062  0.013215
3002.907939910  9.736967  0.023073
3002.908964175  9.746194  0.013045
3002.912980165  9.753650  0.021021
3002.913998643  9.733539  0.013435
3002.918008846  9.761024  0.020582
3002.919033111  9.746686  0.013792
3002.923041867  9.750017  0.019479
3002.924064686  9.741923  0.013103
3002.928083568  9.767611  0.019521
3002.929106387  9.741322  0.013219
3002.933118035  9.777742  0.021695
3002.934140854  9.735518  0.013216
3002.938152503  9.738301  0.019993
3002.939173875  9.731258  0.013093
3002.943192756  9.723496  0.019034
3002.944217022  9.751844  0.013276
3003.164267917  9.736445  0.019328
3003.165170660  9.705877  0.013157
3003.168936367  9.717365  0.022072
3003.169836217  9.709256  0.013298
3003.173601923  9.715302  0.026092
3003.174498879  9.701580  0.013267
3003.178271819  9.742824  0.021814
3003.179171668  9.749863  0.013235
3003.182934481  9.775895  0.021045
3003.183834331  9.747484  0.013359
3003.187595697  9.775357  0.020284
3003.188495547  9.760379  0.013379
3003.192256912  9.757592  0.022979
3003.193152422  9.760894  0.013233
3003.196915235  9.783751  0.025307
3003.197815084  9.769565  0.013175
3003.201576450  9.797116  0.022456
3003.202476299  9.774785  0.013305
3003.207007301  9.787681  0.021828
3003.208015652  9.762888  0.013348
3003.212009933  9.756701  0.022193
3003.213015391  9.761313  0.013355
3003.217009672  9.750243  0.019429
3003.218015130  9.762495  0.013213
3003.222009411  9.784820  0.022265
3003.223014869  9.795219  0.013129
3003.227009150  9.841175  0.023236
3003.228014607  9.834019  0.013718
3003.232008889  9.833654  0.020939
3003.233014346  9.829368  0.013569
3003.237008627  9.828629  0.023274
3003.238014085  9.845408  0.013302
3003.242008366  9.870629  0.021636
3003.243013823  9.866826  0.013707
3003.463164224  9.712480  0.019199
3003.464140747  9.716583  0.013198
3003.468048223  9.727880  0.022325
3003.469020406  9.709216  0.013063
3003.472932223  9.726642  0.019962
3003.473904405  9.712342  0.013154
3003.477817668  9.710223  0.018881
3003.478789851  9.710444  0.013072
3003.482704561  9.709491  0.020480
3003.483676743  9.711633  0.013008
3003.487584219  9.738266  0.020402
3003.488556402  9.716092  0.012989
3003.492468218  9.757099  0.020847
3003.493440401  9.724574  0.013050
3003.497353663  9.731435  0.020245
3003.498325846  9.712756  0.012950
3003.505831220  9.724477  0.019970
3003.506780256  9.729726  0.013072
3003.510638545  9.722385  0.018241
3003.511587580  9.728056  0.013056
3003.515448762  9.737672  0.020575
3003.516392011  9.730693  0.013070
3003.520251746  9.732950  0.020692
3003.521194995  9.728221  0.013177
3003.525059070  9.751986  0.020084
3003.526005213  9.716854  0.012996
3003.529863501  9.730535  0.020098
3003.530808197  9.728933  0.013118
3003.534666485  9.727361  0.019063
3003.535614074  9.716960  0.013110
3003.539476702  9.729096  0.020444
3003.540421398  9.760119  0.013149
3003.544286919  9.743708  0.020893
3011.575319841  9.711996  0.018533
3011.576279014  9.706764  0.012960
3011.580154715  9.716610  0.018961
3011.581118228  9.712830  0.013028
3011.585017076  9.721966  0.018637
3011.585970461  9.715817  0.013268
3011.589851949  9.716936  0.020613
3011.590815462  9.713202  0.013233
3011.594691162  9.727819  0.018747
3011.595654674  9.713224  0.013109
3011.599553522  9.721249  0.018858
3011.600506907  9.713438  0.013090
3011.604388395  9.724969  0.018282
3011.605351906  9.720968  0.013142
3011.609227606  9.717910  0.018264
3011.610191118  9.710358  0.013113
3011.856863260  9.712944  0.022424
3011.857858598  9.707622  0.013552
3011.861809515  9.716603  0.021189
3011.862797619  9.695151  0.013128
3011.866757217  9.717932  0.021051
3011.867749661  9.714573  0.013104
3011.871700579  9.739607  0.020579
3011.872688682  9.728395  0.013228
3011.876639600  9.716767  0.020340
3011.877636384  9.727342  0.012975
3011.881591641  9.725420  0.021062
3011.882579745  9.704346  0.013628
3011.886530662  9.701255  0.022146
3011.887518766  9.698896  0.013340
3011.891478363  9.721136  0.024352
3014.575163939  9.722879  0.020683
3014.576170854  9.691327  0.013739
3014.580157962  9.711339  0.023710
3014.581170664  9.685892  0.012875
3014.585157772  9.717506  0.018947
3014.586170474  9.726337  0.013200
3014.590157581  9.740734  0.020030
3014.591170283  9.719283  0.013274
3014.595157390  9.734533  0.023214
3014.596170092  9.710976  0.013128
3014.600157198  9.740945  0.022974
3014.601169900  9.713977  0.013454
3014.605157006  9.728592  0.019414
3014.606169708  9.711798  0.013169
3014.610156814  9.702696  0.021676
3014.611169516  9.694920  0.013108
3014.874123425  9.769185  0.021198
3014.875068129  9.751203  0.013051
3014.878926468  9.745981  0.018423
3014.879874066  9.740892  0.013057
3014.883741085  9.758602  0.020672
3014.888555702  9.750620  0.021176
3014.889503300  9.758029  0.013224
3014.893370319  9.777232  0.023538
3014.894317917  9.756708  0.013265
3014.898184936  9.747708  0.021045
3014.899132534  9.751541  0.013347
3014.902999552  9.749650  0.021430
3014.903947150  9.745224  0.012988
3014.907814168  9.735259  0.020848
3014.908761766  9.736617  0.013201
3019.512788130 10.001919  0.025357
3019.513740066  9.992335  0.014253
3019.517614305 10.018166  0.026502
3019.518570581  9.987315  0.013811
3019.522441926  9.992736  0.023586
3019.523401096  9.971567  0.013790
3019.527275334  9.957892  0.025667
3019.528228717  9.954049  0.013343
3019.532102956  9.946382  0.022987
3019.533056338  9.914475  0.013808
3019.536917557  9.911632  0.022865
3019.537870939  9.912377  0.013615
3019.541732157  9.918667  0.024164
3019.542685540  9.896966  0.013772
3019.546546758  9.898281  0.024208
3019.547500140  9.900389  0.014097
3019.551361359  9.887679  0.024494
3019.556175959  9.887110  0.023738
3019.557129341  9.860695  0.013329
3019.560990560  9.871510  0.020476
3019.561943942  9.838508  0.013179
3019.824941330  9.721523  0.021596
3019.825913518  9.719488  0.013134
3019.829826813  9.753568  0.027046
3019.830799001  9.712758  0.013177
3019.834709402  9.744338  0.021740
3019.835681590  9.714827  0.013239
3019.839593438  9.726892  0.021494
3019.840565626  9.727571  0.013075
3019.844477473  9.720319  0.021722
3019.845449662  9.718362  0.013285
3019.849362956  9.690476  0.020475
3019.850335144  9.704258  0.013149
3019.854245544  9.708973  0.022457
3019.855217733  9.691444  0.013249
3019.859129580  9.680024  0.023194
3019.860101768  9.690570  0.013093
3022.561226632  9.712753  0.025914
3022.562120701  9.716426  0.013554
3022.565886449  9.715815  0.021833
3022.566786306  9.693167  0.013059
3022.570565073  9.730527  0.022830
3022.571472163  9.718197  0.013272
3022.575237911  9.715299  0.023224
3022.576137767  9.723033  0.013621
3022.579916535  9.705703  0.027096
3022.580823625  9.709027  0.013138
3022.584589372  9.718379  0.021657
3022.585489228  9.717970  0.013229
3022.589267996  9.708071  0.022904
3022.590175086  9.711215  0.013805
3022.593940833  9.700354  0.021735
3022.594840689  9.698896  0.013359
3022.598619457  9.709510  0.022859
3022.854164173  9.722863  0.025208
3022.855137811  9.736351  0.013259
3022.859046776  9.726192  0.024105
3022.860018966  9.723785  0.013093
3022.863933718  9.697897  0.023853
3022.864905909  9.710232  0.013382
3022.868813427  9.711155  0.023134
3022.869785617  9.727432  0.013218
3022.873700369  9.737313  0.026226
3022.874674006  9.733493  0.013248
3022.878582971  9.715661  0.021818
3022.879555161  9.718255  0.013289
3022.883469913  9.697766  0.024569
3022.884442103  9.703492  0.013065
3022.888349621  9.775050  0.022181
3022.889321812  9.759064  0.013583
3030.031819151  9.697478  0.021270
3030.032791353  9.689088  0.013152
3030.036698934  9.711526  0.021716
3030.037671136  9.690474  0.013191
3030.041581611  9.703098  0.020809
3030.042553813  9.711011  0.013027
3030.046461394  9.753526  0.021647
3030.047433596  9.730813  0.013119
3030.051349858  9.719227  0.020582
3030.052327846  9.729641  0.013321
3030.056235427  9.729907  0.021027
3030.057207629  9.705999  0.013137
3030.061118104  9.724066  0.019405
3030.062090305  9.712778  0.013277
3030.065997886  9.721657  0.021881
3030.066970088  9.703748  0.013581
3030.330693750  9.896000  0.021426
3030.331671738  9.895309  0.013632
3030.335602462  9.873004  0.023156
3030.336587683  9.868189  0.013104
3030.340514066  9.855648  0.020644
3030.341494948  9.841376  0.013170
3030.345421331  9.811606  0.022070
3030.346402212  9.826280  0.013078
3030.350328596  9.812707  0.022396
3030.351309477  9.823463  0.013178
3030.355235860  9.805517  0.022742
3030.356216741  9.798721  0.013097
3030.360143124  9.813705  0.021822
3030.361124006  9.804652  0.013528
3030.365050389  9.797774  0.022103
3030.366031270  9.782683  0.013441
3036.833332987  9.742102  0.021296
3036.834293618  9.726222  0.013096
3036.838179513  9.720275  0.020264
3036.839151717  9.725590  0.012928
3036.843059313  9.733211  0.021392
3036.844019943  9.724116  0.013124
3036.847918859  9.711328  0.020378
3036.848891063  9.706405  0.013097
3036.852792872  9.724969  0.019896
3036.853757842  9.708748  0.012963
3036.857659651  9.699995  0.019818
3036.858631855  9.695537  0.013147
3036.862530770  9.735660  0.021439
3036.863502975  9.721251  0.013436
3036.867410570  9.747907  0.021583
3036.868371200  9.721442  0.013062
3037.149504250  9.709403  0.021957
3037.150460540  9.706857  0.013213
3037.154336304  9.723244  0.020579
3037.155292594  9.719902  0.013029
3037.159166911  9.718949  0.021448
3037.160123201  9.709591  0.013278
3037.163997518  9.708874  0.020262
3037.164949467  9.689509  0.013158
3037.168823785  9.745275  0.021286
3037.169780074  9.694770  0.013236
3037.173654391  9.700858  0.021473
3037.174610681  9.678229  0.012960
3037.178486445  9.691276  0.020898
3037.179441288  9.674293  0.013085
3037.183317051  9.673612  0.019628
3037.184273341  9.668148  0.013073
3037.188147658  9.695564  0.021226
3037.448755807 10.058993  0.022948
3037.449709203 10.037900  0.014258
3037.453583516 10.034282  0.024027
3037.454542699 10.061259  0.013459
3037.458414119 10.077135  0.026829
3037.459370408 10.097383  0.014135
3037.463244721 10.118452  0.024807
3037.464201010 10.094815  0.013796
3037.468079663 10.120335  0.024843
3037.469031612 10.118556  0.013614
3037.472916052 10.142444  0.027029
3037.473875235 10.140833  0.013697
3037.477749548 10.165762  0.025831
3037.478708730 10.147003  0.013669
3037.482580149 10.164300  0.023670
3037.483536438 10.154699  0.014447
3037.772877599  9.738419  0.019406
3037.773926477  9.728783  0.013024
3037.777987412  9.748847  0.019401
3037.779034843  9.731372  0.013114
3037.783098671  9.744283  0.020912
3037.784144656  9.718175  0.013086
3037.788204144  9.726581  0.021614
3037.789250128  9.707968  0.013179
3037.793308169  9.728399  0.019863
3037.794357047  9.709358  0.013077
3037.798420875  9.727844  0.020133
3037.799465413  9.696938  0.013145
3037.803529241  9.775584  0.021951
3037.804573778  9.750096  0.013431
3037.808634713  9.741995  0.021683
3037.809682144  9.724085  0.013169
3041.867061285  9.660398  0.020712
3041.868042178  9.672559  0.013034
3041.871972963  9.677834  0.019678
3041.872949514  9.664948  0.013004
3041.876880299  9.684195  0.021683
3041.877856851  9.666802  0.012966
3041.881787636  9.683661  0.018553
3041.882764188  9.675180  0.013202
3041.886694973  9.686293  0.019292
3041.887671525  9.678693  0.013062
3041.891602309  9.703559  0.019279
3041.892578861  9.685844  0.013085
3041.896509645  9.724638  0.019249
3041.897486197  9.690744  0.012943
3041.901416982  9.705884  0.018818
3041.902393533  9.688026  0.013035
3042.166123609  9.686411  0.020250
3042.167111734  9.678513  0.013262
3042.171068554  9.671699  0.020397
3042.172055232  9.669373  0.013130
3042.175999031  9.694004  0.020180
3042.176987156  9.685461  0.013023
3042.180929509  9.679522  0.021320
3042.181917634  9.688424  0.012981
3042.185861433  9.705371  0.020702
3042.186855345  9.698970  0.012961
3042.190804931  9.692134  0.019876
3042.191793056  9.707005  0.013196
3042.195736855  9.726003  0.021811
3042.196724980  9.718947  0.013561
3042.200667332  9.723231  0.020273
3042.201656904  9.699095  0.013233
3042.465369303  9.723353  0.020588
3042.466366108  9.700255  0.013075
3042.470301222  9.716035  0.021918
3042.471285006  9.719632  0.012955
3042.475236035  9.710472  0.021631
3042.476225606  9.715439  0.013166
3042.480176635  9.739479  0.021726
3042.481164759  9.723448  0.013040
3042.485115787  9.735965  0.023718
3042.486099571  9.727097  0.013271
3042.490050600  9.726560  0.021353
3042.491040171  9.717470  0.013107
3042.494991199  9.711431  0.021597
3042.495979323  9.706002  0.012958
3042.499930352  9.723425  0.019859
3042.500914135  9.704125  0.013043
3042.782779900  9.853986  0.022470
3042.783711601  9.852830  0.013555
3042.787554121  9.897160  0.025092
3042.788493056  9.863167  0.013615
3042.792335576  9.887235  0.022990
3042.793274510  9.898012  0.013753
3042.797108350  9.900724  0.026121
3042.798048731  9.905591  0.013872
3042.801891250  9.917216  0.023357
3042.802828738  9.924776  0.013545
3042.806671258  9.941570  0.025912
3042.807615979  9.948749  0.013498
3042.811459946  9.940284  0.025379
3042.812400327  9.966701  0.013628
3042.816242846  9.966164  0.025137
3042.817180334  9.968110  0.013366
3042.821022854 10.007523  0.028030