1156.450295538  8.611059  0.012607
1156.452570002  8.606035  0.013892
1156.456841110  8.607293  0.012638
1156.459114127  8.603170  0.013900
1156.469942382  8.604538  0.012574
1286.636616970  8.665949  0.012629
1286.638588777  8.655089  0.014442
1286.642347238  8.662517  0.012562
1286.644320491  8.665567  0.014636
1286.648080399  8.671743  0.012708
1286.650060885  8.651725  0.014510
1286.653820793  8.654936  0.012604
1286.655801280  8.670436  0.014738
1286.659561187  8.667478  0.012659
1286.661541674  8.660505  0.014482
1286.665301581  8.668204  0.012645
1286.667282068  8.665499  0.013861
1286.671041976  8.653940  0.012583
1287.953437868  8.629950  0.012685
1287.955479117  8.650034  0.015434
1287.959351868  8.621636  0.012664
1287.961391671  8.677649  0.015276
1287.965257189  8.658418  0.012646
1287.967283972  8.671484  0.014527
1287.971156724  8.667070  0.012744
1287.973190739  8.648107  0.014481
1287.977063491  8.632687  0.013078
1287.979088827  8.654163  0.014327
1287.982961579  8.632627  0.012794
1287.985001381  8.637865  0.014081
1288.296247388  8.601016  0.012671
1288.298525891  8.599815  0.014185
1288.302776224  8.599524  0.012664
1288.305047494  8.600567  0.014338
1288.309299274  8.600860  0.012541
1288.311573437  8.601915  0.014234
1288.315831003  8.614424  0.012600
1288.318102273  8.611107  0.014249
1288.322354052  8.609216  0.012577
1288.324628216  8.616330  0.013904
1288.328885782  8.607623  0.012701
1288.331157052  8.604863  0.014592
1288.760210526  8.645189  0.012676
1288.762454294  8.645797  0.014135
1288.766546915  8.637486  0.012648
1288.768789237  8.650442  0.014598
1288.772894879  8.645371  0.012481
1288.775138648  8.649684  0.014469
1288.779231269  8.650361  0.012621
1288.781473592  8.649289  0.014441
1288.785579234  8.654460  0.012605
1288.787823004  8.646424  0.015226
1289.092810740  8.693339  0.012785
1289.094841854  8.690050  0.014397
1289.098704465  8.688044  0.012709
1289.100731240  8.695744  0.014023
1289.104603977  8.704692  0.012610
1289.106637985  8.687030  0.014497
1289.110510723  8.682925  0.012801
1289.112547624  8.681850  0.014292
1289.116420362  8.666088  0.012711
1289.118451477  8.661525  0.014234
1289.122314088  8.682233  0.012684
1289.124340863  8.681841  0.014052
1290.372071909  8.634892  0.012569
1290.374094348  8.632137  0.014048
1290.377951179  8.630916  0.012835
1290.379969278  8.623593  0.014503
1290.383830450  8.642219  0.012686
1290.385852888  8.638633  0.015048
1290.389709720  8.648317  0.012564
1290.391727819  8.656972  0.014349
1290.395588990  8.637166  0.012549
1290.397611429  8.639579  0.014751
1290.401468260  8.646043  0.012633
1290.403486359  8.669050  0.014492
1290.736698097  8.608175  0.012584
1290.738953450  8.605486  0.014157
1290.743143017  8.614824  0.012668
1290.745402710  8.617756  0.015116
1290.749583597  8.616345  0.012832
1290.751838950  8.625444  0.014577
1290.756037197  8.605814  0.012713
1290.758288210  8.601233  0.014451
1290.762469097  8.590648  0.012867
1290.764720110  8.615525  0.014781
1290.768918357  8.575795  0.012645
1290.771173710  8.563685  0.014672
1290.778305806  8.626874  0.012693
1290.780585753  8.629511  0.014008
1290.784782553  8.626365  0.012570
1290.787066840  8.623155  0.014574
1290.791263640  8.627296  0.012749
1290.793547927  8.616347  0.014464
1290.797744727  8.634164  0.012650
1290.800029014  8.642804  0.015300
1290.804225814  8.634806  0.012656
1290.806510101  8.639225  0.014978
1290.810706901  8.627230  0.012681
1290.819841183  8.607460  0.012648
1290.822096537  8.619195  0.014412
1290.826286103  8.613008  0.012522
1290.828545797  8.613026  0.014311
1290.832726684  8.616508  0.012485
1290.834982037  8.613465  0.014109
1290.839180284  8.585690  0.012513
1290.841431297  8.585144  0.014241
1290.845612184  8.606753  0.012570
1290.847863198  8.583774  0.014853
1290.852061445  8.596621  0.012584
1290.854316798  8.607920  0.014948
1291.162220543  8.659285  0.012624
1291.164261789  8.653134  0.014674
1291.168146108  8.656954  0.012675
1291.170187355  8.655313  0.015403
1291.174071674  8.655845  0.012727
1291.176112920  8.663479  0.014939
1291.179997240  8.667259  0.012912
1291.182038486  8.665452  0.014416
1291.185922806  8.664124  0.012632
1291.187964052  8.652238  0.014748
1291.191848372  8.702650  0.012780
1291.193889618  8.682158  0.014633
1293.216578181  8.663566  0.012691
1293.218642570  8.652075  0.014019
1293.222586196  8.654739  0.012544
1293.224652032  8.650376  0.014007
1293.228597105  8.661646  0.012543
1293.230660047  8.661696  0.014672
1293.234603673  8.656569  0.012560
1293.236670956  8.678058  0.014503
1293.240605902  8.669238  0.012659
1293.242677524  8.659124  0.014626
1293.246624044  8.617660  0.012491
1293.248695666  8.611795  0.013872
1293.602801171  8.638664  0.012663
1293.605020354  8.647222  0.014437
1293.609176642  8.638275  0.012639
1293.611408845  8.654048  0.014515
1293.615565133  8.624702  0.012630
1293.617797336  8.617164  0.014327
1293.621953624  8.595639  0.012504
1293.624185827  8.598705  0.013986
1293.628342115  8.569606  0.012737
1293.630574318  8.608888  0.014268
1293.634730606  8.623857  0.012581
1293.636962809  8.622170  0.014741
1293.644481156  8.621828  0.012835
1293.646800159  8.632192  0.015206
1293.651098221  8.628977  0.012861
1293.653409991  8.636420  0.014134
1293.657705159  8.623971  0.012722
1293.660024162  8.626300  0.014747
1293.664322224  8.641685  0.012855
1293.666633994  8.657040  0.014389
1293.670936395  8.645122  0.012576
1293.673256845  8.649385  0.014648
1293.677562140  8.639219  0.012942
1293.685944141  8.601858  0.012514
1293.688163325  8.615380  0.014179
1293.692319613  8.599681  0.012645
1293.694551816  8.595716  0.014318
1293.698708104  8.568029  0.012469
1293.700940307  8.579717  0.013931
1293.705096595  8.589726  0.012556
1293.707328799  8.612818  0.014191
1293.711485087  8.605390  0.012766
1293.713717290  8.565474  0.013881
1293.717873578  8.616941  0.012504
1293.720105781  8.624543  0.014251
1294.018362716  8.656170  0.012732
1294.020389493  8.658919  0.014027
1294.024244874  8.652704  0.012685
1294.026268757  8.651024  0.014605
1294.030128479  8.652816  0.012684
1294.032161042  8.648964  0.013989
1294.036019317  8.660013  0.012677
1294.038047540  8.653207  0.014940
1294.041913048  8.663341  0.012674
1294.043935485  8.664282  0.014950
1294.047805333  8.656749  0.012607
1294.049832110  8.657560  0.014315
1462.636554919  8.643269  0.012577
1462.638788853  8.641358  0.014248
1462.643007843  8.637825  0.012638
1462.645250457  8.643995  0.013839
1462.649473788  8.651072  0.012537
1486.489466965  8.645330  0.012570
1486.491695135  8.651157  0.014716
1486.495831697  8.654315  0.012558
1486.498077230  8.667075  0.013937
1486.502221027  8.668108  0.012613
1486.504466560  8.639050  0.013845
1486.508610356  8.627451  0.012645
1516.751967177  8.614491  0.012563
1516.754231513  8.605559  0.013714
1516.758433174  8.592293  0.012457
1516.760697511  8.603165  0.013744
1516.764903513  8.585116  0.012467
1516.767163509  8.595360  0.014033
1641.772241322  8.585033  0.012835
1641.774542972  8.574466  0.014599
1641.778778840  8.568859  0.012798
1641.781081937  8.572236  0.014528
1641.785320698  8.583742  0.012855
1641.787623796  8.592740  0.014298
1641.791850985  8.591309  0.012826
1714.236293695  8.627017  0.012681
1714.238580883  8.624577  0.015096
1714.242851478  8.647383  0.013784
1714.245137220  8.660923  0.014860
1714.249410709  8.641662  0.012623
1714.255967046  8.647076  0.012880
1714.331035090  8.672181  0.013239
1714.333342532  8.690690  0.014476
1714.337672442  8.656007  0.012764
1714.339979885  8.645247  0.015404
1714.344318475  8.654601  0.012667
1851.352420265  8.649905  0.013920
1851.356797009  8.651549  0.013921
1851.361180987  8.641609  0.013919
1851.365563519  8.638270  0.013707
1851.369946050  8.621351  0.014220
1857.381144939  8.603005  0.014213
1857.386133710  8.618990  0.014066
1857.391118140  8.600439  0.014275
1857.396106912  8.610218  0.013910
1857.401098577  8.588369  0.013693
2054.729727987  8.631408  0.013950
2054.734860724  8.649848  0.014629
2054.739993462  8.676242  0.014552
2054.745130540  8.671283  0.014070
2054.750261832  8.660321  0.014508
2198.037858867  8.672251  0.013953
2198.042671049  8.666812  0.013937
2198.047486125  8.662825  0.014068
2198.052301203  8.660992  0.014167
2198.057116282  8.650278  0.014429
2212.297356591  8.649130  0.013926
2212.302241208  8.652560  0.014167
2212.307128718  8.669552  0.014390
2212.312011887  8.655018  0.014075
2212.316895057  8.682075  0.014459
2282.348917012  8.625396  0.014348
2282.353471592  8.629853  0.014192
2282.358027619  8.633609  0.013847
2282.367110738  8.633305  0.013827
2390.616541942  8.610772  0.014226
2390.621206002  8.627610  0.014053
2390.625877295  8.636710  0.014289
2390.630542802  8.627666  0.014244
2443.904963885  8.572784  0.014234
2443.909995422  8.579218  0.014582
2443.915028406  8.623053  0.014763
2443.920059943  8.613045  0.014989
2443.925087141  8.611673  0.014561
2443.930120125  8.601686  0.014580
2445.272299885  8.636504  0.013864
2445.277588955  8.645511  0.015090
2445.282870792  8.639498  0.014154
2445.288148289  8.623612  0.013858
2445.293425787  8.598638  0.014069
2445.302428491  8.577082  0.014429
2445.307619187  8.609496  0.015083
2445.312804097  8.615255  0.013942
2445.317989007  8.610017  0.014403
2445.323173917  8.598046  0.014545
2445.391661317  8.537030  0.014524
2445.396503364  8.569680  0.015080
2445.401335285  8.577894  0.014171
2445.406165758  8.566336  0.014275
2445.410996232  8.573792  0.014075
2445.415835386  8.566367  0.014328
2445.421652498  8.626687  0.014453
2445.426718781  8.627359  0.013987
2445.431773491  8.624812  0.014098
2445.436842667  8.651894  0.014545
2445.441911844  8.633812  0.014455
2445.446972341  8.639661  0.014160
2564.342121570  8.592026  0.013878
2564.346667588  8.594035  0.014361
2564.351217947  8.585622  0.013708
2564.355769752  8.619936  0.013821
2564.360318664  8.636803  0.014113
2564.364871917  8.616540  0.014096
2564.371947038  8.620152  0.014303
2564.377034180  8.612286  0.014288
2564.382114088  8.605361  0.014272
2564.387189656  8.611761  0.014410
2564.392271011  8.616791  0.014291
2564.397352367  8.620417  0.014276
2564.580890339  8.604162  0.014016
2564.585899354  8.617571  0.014095
2564.590915604  8.618999  0.014009
2564.595937642  8.615066  0.014113
2564.600952445  8.615871  0.013769
2564.605968695  8.604933  0.013895
2564.610977711  8.611339  0.014399
2564.615989621  8.603039  0.014074
2564.620832249  8.623627  0.013815
2564.625491126  8.626940  0.014231
2564.630141322  8.631244  0.013824
2564.634787177  8.659314  0.014160
2564.639446055  8.651464  0.013878
2564.644103485  8.654772  0.013899
2574.218150435  8.600388  0.015291
2574.223137778  8.605896  0.014897
2574.228120781  8.605954  0.015010
2574.233109571  8.612116  0.014719
2574.238094020  8.613221  0.014673
2574.243078470  8.610233  0.014433
2583.173312719  8.592561  0.014235
2583.177812480  8.604178  0.013893
2583.182318028  8.593124  0.014346
2583.186819236  8.597898  0.013995
2583.191332019  8.593261  0.014205
2583.195837568  8.593066  0.014101
2583.203108082  8.604701  0.014394
2583.208164887  8.606892  0.014103
2583.213223140  8.617436  0.014042
2583.218274158  8.613305  0.013859
2583.223330963  8.603387  0.014051
2583.228383428  8.601309  0.014638
2735.780542139  8.642239  0.014629
2735.785724184  8.637255  0.014417
2735.790904783  8.621173  0.014241
2735.796078148  8.614923  0.014386
2735.801258746  8.623549  0.014418
2735.810372896  8.585728  0.014700
2735.815162888  8.588124  0.013851
2735.819941306  8.576212  0.014331
2735.824724064  8.575046  0.014477
2735.829514056  8.583839  0.013811
2735.834292474  8.587961  0.014302
2735.839075232  8.582696  0.014834
2741.786424761  8.580734  0.014035
2741.791307321  8.586320  0.014064
2741.796191328  8.586195  0.014061
2741.801075335  8.584337  0.013702
2741.805956449  8.587188  0.013668
2741.810843349  8.599241  0.014087
2741.815727356  8.573009  0.013745
2741.820611363  8.588548  0.013817
2741.825492476  8.597284  0.014818
2761.051588097  8.632464  0.014378
2761.056648527  8.639472  0.013976
2761.061700276  8.637439  0.014109
2761.066760705  8.636959  0.014752
2761.071818241  8.619562  0.013832
2761.076868544  8.618100  0.014476
2761.081632408  8.604868  0.013877
2761.086620504  8.585871  0.013778
2761.091605708  8.600755  0.014035
2761.096589465  8.593585  0.014056
2761.101568881  8.612765  0.014292
2761.106556978  8.624890  0.014077
2764.394547396  8.559450  0.013944
2764.399348875  8.564768  0.013814
2764.404163374  8.552502  0.014391
2764.408977873  8.587436  0.014407
2764.413792372  8.598006  0.014126
2764.418606871  8.576185  0.014406
2764.424295156  8.588875  0.014089
2764.429380181  8.587562  0.014028
2764.434455080  8.605588  0.013809
2764.439531426  8.614904  0.015355
2764.444607772  8.597970  0.014145
2764.449688458  8.597454  0.014464
2926.029382863  8.588925  0.013996
2926.034125638  8.584248  0.013776
2926.038864073  8.582825  0.014189
2926.043602508  8.581402  0.013859
2926.048342390  8.598983  0.013661
2926.053080825  8.589789  0.013781
2926.057819261  8.588913  0.013988
2926.062553356  8.579114  0.013935
2926.070901683  8.611020  0.013799
2926.075612629  8.603531  0.013916
2926.080335149  8.598585  0.014044
2926.085057670  8.606333  0.013745
2926.089780190  8.595752  0.014150
2926.094502711  8.619293  0.014088
2926.099225232  8.631125  0.013730
2926.103947753  8.600306  0.014436
2926.112653454  8.616287  0.013927
2926.117247206  8.616839  0.013983
2926.121845298  8.592030  0.013840
2926.126446284  8.596332  0.014518
2926.131044376  8.594874  0.014070
2926.135642468  8.600315  0.014052
2926.140243454  8.626262  0.013941
2926.144841547  8.611277  0.014261
2926.149439639  8.611779  0.013761
2928.871998845  8.577629  0.013925
2928.876758989  8.580512  0.014249
2928.881524920  8.583752  0.014259
2928.886279276  8.571787  0.014014
2928.891042314  8.588383  0.013931
2928.895801011  8.595732  0.014261
2928.900556814  8.600610  0.013915
2928.905322746  8.605132  0.013755
2928.913821556  8.640158  0.014269
2928.918491996  8.631287  0.014121
2928.923158095  8.627156  0.013971
2928.927819853  8.618804  0.013779
2928.932497527  8.613741  0.014140
2928.937156393  8.613228  0.014045
2928.941826832  8.625426  0.014197
2928.946492932  8.625631  0.014882
2928.951154691  8.622265  0.014055
2928.955599422  8.622229  0.014485
2928.960664853  8.630981  0.014245
2928.965725944  8.614821  0.014410
2928.970789929  8.625114  0.014188
2928.975851019  8.630099  0.014357
2928.980912110  8.591053  0.014029
2928.985976095  8.605462  0.014533
2928.991037186  8.596182  0.014526
2928.996098278  8.629838  0.014237
2929.001162263  8.626800  0.014705
2929.006223354  8.616678  0.014555
2929.011284446  8.628665  0.013956
2929.015619218  8.612161  0.014297
2929.020603626  8.614917  0.014071
2929.025592375  8.618279  0.014290
2929.030576784  8.634967  0.015050
2929.035564087  8.620247  0.014228
2929.040545602  8.617434  0.014232
2929.045528565  8.608978  0.014498
2929.050512974  8.614276  0.014105
2929.418996377  8.634492  0.014062
2929.424184800  8.625635  0.013823
2929.429370330  8.634377  0.013840
2929.434555860  8.614562  0.013971
2929.439741390  8.613407  0.014039
2929.444926920  8.625566  0.014008
2929.450112450  8.612267  0.014036
2929.455297980  8.615078  0.013803
2929.757110792  8.610365  0.014339
2929.761772566  8.615413  0.014257
2929.766440128  8.598257  0.014201
2929.771109137  8.608046  0.014177
2929.775770912  8.620486  0.014305
2929.780445708  8.608108  0.014221
2929.785107483  8.601113  0.014319
2929.789775046  8.595849  0.014113
2929.799105831  8.606761  0.014239
2929.803780628  8.597007  0.014115
2929.809021146  8.591400  0.013728
2929.813881141  8.594902  0.013930
2929.818744030  8.594667  0.013782
2929.823604025  8.586659  0.013854
2929.828466915  8.593731  0.013761
2929.833326910  8.608055  0.014013
2929.838189799  8.602326  0.013791
2929.843049795  8.608224  0.013854
2929.850751420  8.583839  0.013884
2929.855458049  8.569050  0.013665
2929.860155997  8.578980  0.014399
2929.864843817  8.574718  0.014105
2929.869533084  8.580501  0.013694
2929.874231032  8.571364  0.013766
2929.878918852  8.574321  0.013927
2929.883608120  8.585727  0.014243
2932.712926220  8.621616  0.013985
2932.717839755  8.619616  0.013855
2932.722747503  8.613621  0.013962
2932.727655250  8.619243  0.014344
2932.732562998  8.599997  0.013713
2932.737470746  8.595973  0.014101
2932.742378494  8.568786  0.013720
2932.747286243  8.570239  0.013732
2932.754649312  8.607555  0.014148
2932.759296625  8.598283  0.015319
2932.763948280  8.611190  0.014316
2932.768597040  8.597373  0.013965
2932.773242908  8.602460  0.013801
2932.777888775  8.589286  0.014345
2932.782538983  8.588923  0.014537
2932.787190637  8.590585  0.014003
2932.791839398  8.626620  0.014228
2932.796265343  8.596667  0.014063
2932.801162965  8.602211  0.014056
2932.806050458  8.601763  0.014139
2932.810935058  8.609102  0.013852
2932.815826892  8.606588  0.014212
2932.820718726  8.600057  0.014386
2932.825609113  8.607641  0.014030
2932.830496607  8.595133  0.015288
2933.146019427  8.648801  0.014528
2933.151268643  8.615533  0.013821
2933.156530881  8.609137  0.013804
2933.161788779  8.626218  0.014223
2933.167046676  8.641735  0.014272
2933.172310362  8.636385  0.014363
2933.177566813  8.627646  0.013898
2933.182829051  8.625612  0.013967
2953.126695949  8.624190  0.014885
2953.131680402  8.615251  0.014264
2953.136656174  8.605152  0.014135
2953.141620371  8.604878  0.014826
2953.146588908  8.633560  0.015050
2953.151564680  8.614747  0.014401
2953.156528877  8.613086  0.013976
2953.161497415  8.607326  0.014628
3097.512840092  8.609453  0.014449
3097.518025044  8.617709  0.014361
3097.523209996  8.600448  0.014382
3097.528394949  8.619948  0.013993
3097.533579901  8.609170  0.014340
3097.538764854  8.615289  0.015057
3097.543949807  8.627353  0.014234
3097.549134760  8.613955  0.013936
3097.554474509  8.602757  0.014182
3097.559289109  8.607223  0.014010
3097.564103708  8.567043  0.014057
3097.568918308  8.562980  0.014254
3097.573732907  8.574160  0.014439
3097.578547507  8.576472  0.014283
3097.583362107  8.592318  0.013912
3097.588176707  8.591536  0.013861
3100.053531108  8.601704  0.013923
3100.058462870  8.611010  0.013834
3100.063401864  8.603379  0.014316
3100.068329286  8.639729  0.014388
3100.073262494  8.607657  0.013961
3100.078200042  8.593602  0.014425
3100.083139037  8.579679  0.013954
3100.088076585  8.611146  0.014569
3100.093014134  8.607873  0.013973
3100.097953129  8.602377  0.014205
3100.102890678  8.610257  0.014464
3100.107828227  8.604969  0.014523
3100.110445287  8.616232  0.014385
3100.115364029  8.617671  0.014129
3100.120297237  8.593630  0.014504
3100.124834054  8.594922  0.013916
3100.129868531  8.615064  0.014227
3100.134895775  8.627180  0.013697
3100.139931699  8.610269  0.014189
3100.149987634  8.596118  0.013981
3100.155023559  8.610546  0.014286
3100.160052250  8.616604  0.014484
3100.166468316  8.609368  0.014161
3100.171049980  8.617236  0.013967
3100.175651898  8.601825  0.014616
3100.180248029  8.607193  0.014623
3100.184845608  8.603877  0.014422
3100.189447526  8.601561  0.014411
3100.194043658  8.610786  0.013810
3100.198641236  8.609923  0.014516
3100.203243154  8.586869  0.014088
3106.602713224  8.626239  0.014930
3106.607846064  8.634752  0.014719
3106.612987585  8.626188  0.014827
3106.618123320  8.623645  0.014144
3106.623264841  8.632909  0.014881
3106.628400576  8.621558  0.015445
3106.633542097  8.611779  0.014224
3106.638677832  8.595262  0.014670
3109.080237357  8.618599  0.013820
3109.085263123  8.633203  0.014029
3109.090293230  8.614470  0.014115
3109.095324783  8.614831  0.014406
3109.100354890  8.635792  0.014199
3109.105384996  8.623022  0.014503
3109.110416550  8.623232  0.013971
3109.115446657  8.624337  0.014066
3109.474395747  8.640478  0.014248
3109.479278299  8.635450  0.014861
3109.484160852  8.584450  0.015074
3109.493923064  8.584614  0.014521
3109.498805618  8.585487  0.014038
3109.503689617  8.584547  0.014199
3109.508579404  8.582786  0.014312
3109.516042839  8.630891  0.014112
3109.521026660  8.625628  0.013905
3109.526010482  8.609794  0.013819
3109.530998643  8.629676  0.014190
3109.535985358  8.627413  0.014096
3109.540966287  8.638320  0.013864
3109.545953002  8.608836  0.014189
3109.550932484  8.604326  0.013689
3109.557799887  8.590397  0.014084
3109.562760563  8.584556  0.014041
3109.567715451  8.592078  0.013998
3109.572674680  8.588488  0.014191
3109.577649823  8.585322  0.013977
3109.582613392  8.598930  0.013773
3109.587574068  8.596027  0.013883
3109.592528957  8.603096  0.013921
3109.599457122  8.632925  0.014445
3109.604050341  8.612166  0.014616
3109.608650793  8.618604  0.014374
3109.613236779  8.601785  0.014323
3109.617832891  8.601481  0.014508
3109.622430451  8.615789  0.015213
3109.627016436  8.615421  0.014104
3109.631612549  8.606202  0.014374
3109.636198535  8.620494  0.014589
3115.066524246  8.623344  0.013919
3115.071560122  8.611383  0.013946
3115.076600339  8.587521  0.013882
3115.081636216  8.601562  0.013930
3115.086669199  8.611454  0.014160
3115.091696396  8.618008  0.013709
3115.096727933  8.606229  0.014067
3115.101760917  8.620707  0.014085
3115.108333164  8.641436  0.014587
3115.113470309  8.645381  0.013908
3115.118604560  8.610395  0.014312
3115.123735918  8.577061  0.014287
3115.128871617  8.581245  0.014212
3115.133997188  8.578126  0.013777
3115.139132887  8.577333  0.013906
3115.144258459  8.579681  0.014061
3115.149806460  8.581521  0.014204
3115.154529856  8.614816  0.013651
3115.159251806  8.600844  0.013996
3115.163973756  8.594000  0.014198
3115.168695705  8.581563  0.014191
3115.173417655  8.598786  0.014011
3115.178139605  8.599276  0.014015
3115.182861555  8.592305  0.014187
3126.157390106  8.617916  0.014321
3126.162423051  8.600666  0.013969
3126.167463228  8.604006  0.014281
3126.172494726  8.617525  0.013673
3126.177532010  8.596435  0.014051
3126.182570741  8.623204  0.014590
3126.187606579  8.612132  0.013839
3126.192646758  8.602491  0.014105
3126.198912260  8.609368  0.014080
3126.203528566  8.616206  0.013882
3126.208139085  8.614650  0.013857
3126.212739478  8.624382  0.013919
3126.217344210  8.611827  0.013846
3126.221953283  8.641149  0.014712
3126.226563802  8.637022  0.014044
3126.231164195  8.635286  0.014285
3126.235768928  8.626296  0.014184
3126.240378001  8.618982  0.014011
3126.244988521  8.614347  0.014625
3126.249588914  8.627727  0.014023
3126.251994717  8.624486  0.013888
3138.316335947  8.617983  0.014008
3138.321386243  8.622626  0.013726
3138.326446667  8.599488  0.013888
3138.331507090  8.597423  0.013744
3138.336570407  8.602609  0.013776
3138.341630831  8.630784  0.014376
3138.346691254  8.618799  0.013940
3138.351754572  8.628267  0.014075
3138.667848973  8.599685  0.014265
3138.672767629  8.600799  0.014123
3138.677700753  8.601841  0.014156
3138.682638217  8.589930  0.013993
3138.687580020  8.610228  0.013936
3138.692514591  8.614850  0.014583
3138.697452055  8.596543  0.014122
3138.702393859  8.584965  0.014379
3138.709352312  8.611964  0.014522
3138.714365003  8.587309  0.014143
3138.719370461  8.604889  0.013961
3138.724383151  8.607447  0.013832
3138.729382822  8.623863  0.014088
3138.734382494  8.661447  0.014339
3138.739382165  8.655174  0.014351
3138.744381836  8.634437  0.014065
3140.970459930  8.599205  0.014035
3140.975529026  8.606540  0.014018
3140.980603909  8.607792  0.014424
3140.985677344  8.618849  0.013860
3140.990752227  8.617478  0.014329
3140.995828556  8.598503  0.014265
3141.000897653  8.622725  0.013939
3141.005972536  8.621392  0.013888
3141.396417690  8.618248  0.013823
3141.401180102  8.623813  0.013817
3141.405946854  8.609611  0.013817
3141.410707820  8.636236  0.013915
3141.415465892  8.630866  0.013846
3141.420228304  8.625084  0.014115
3141.424990717  8.614009  0.013939
3141.429753130  8.613118  0.014568
3141.876236922  8.631451  0.014433
3141.880877823  8.634435  0.014110
3141.885507150  8.601745  0.014955
3141.890136478  8.598931  0.015076
3141.894765806  8.618933  0.014300
3141.904024461  8.604594  0.014121
3141.908653789  8.608435  0.014394
3141.913283117  8.624669  0.015207
3141.917912445  8.625382  0.014671
3141.922541774  8.609717  0.013940
3141.927171102  8.607922  0.014571
3141.929546526  8.616593  0.014040
3141.934164281  8.606453  0.014407
3141.938776250  8.598518  0.014158
3141.943404132  8.597276  0.014191
3142.284379020  8.649043  0.014608
3142.289098049  8.652312  0.014455
3142.293819971  8.651028  0.014506
3142.298541893  8.661962  0.014224
3142.303263816  8.626730  0.014700
3142.307985738  8.613551  0.014779
3142.312707661  8.625805  0.014124
3142.317429584  8.631748  0.014288
3147.180060400  8.622108  0.013868
3147.184725883  8.597059  0.013973
3147.189387027  8.619990  0.014313
3147.194049618  8.630959  0.014322
3147.198710761  8.635560  0.013971
3147.203367566  8.636415  0.014047
3147.208030156  8.640415  0.014249
3147.212691301  8.635683  0.013730
3147.217348105  8.623575  0.014504
3147.221530404  8.587227  0.013755
3147.226660267  8.586544  0.014131
3147.231780003  8.612074  0.014050
3147.236904080  8.609197  0.014115
3147.242029603  8.613884  0.013846
3147.247149340  8.601852  0.013811
3147.252273417  8.601879  0.014135
3147.257398940  8.601108  0.013732
3148.535410975  8.620926  0.014252
3148.540229833  8.617119  0.013888
3148.545044351  8.623247  0.013716
3148.549858869  8.619022  0.013783
3148.554673388  8.626658  0.014101
3148.559487906  8.630810  0.013993
3148.564302425  8.632963  0.014124
3148.569116943  8.627213  0.013910
3150.127175181  8.613270  0.013797
3150.131953506  8.620313  0.014252
3150.136739063  8.610422  0.013776
3150.141521728  8.628624  0.013935
3150.146304393  8.631279  0.014070
3150.151089951  8.609475  0.013742
3150.155872616  8.620725  0.013812
3150.160655281  8.624580  0.013799
3150.481487539  8.629215  0.014012
3150.486085037  8.622386  0.013959
3150.490681089  8.631333  0.014217
3150.495282928  8.633142  0.014390
3150.499880426  8.590160  0.013946
3150.504476478  8.635589  0.013962
3150.509078317  8.616296  0.014176
3150.513675815  8.619700  0.014138
3150.518271868  8.616190  0.013884
3150.523083473  8.619300  0.014197
3150.528058551  8.611543  0.013905
3150.533026396  8.610503  0.013907
3150.538017388  8.593324  0.013821
3150.542980894  8.662485  0.014150
3150.547948739  8.644934  0.013924
3150.552923818  8.636184  0.013908
3150.557887324  8.628471  0.013917
3151.442815024  8.626690  0.014369
3151.447918876  8.623438  0.014564
3151.453024175  8.650870  0.014822
3151.458135261  8.616744  0.013966
3151.463240560  8.635079  0.014567
3151.468344412  8.625194  0.014095
3151.473456945  8.614121  0.014500
3151.478565138  8.621980  0.014342
3157.240526508  8.566759  0.014681
3157.246002157  8.587676  0.013577
3157.251479253  8.595387  0.013741
3157.256954902  8.568840  0.013731
3157.262436338  8.561023  0.014218
3157.267914881  8.580932  0.013914
3157.273396318  8.583608  0.013972
3157.278870521  8.588257  0.014323
3157.282001117  8.592016  0.014124
3157.287271340  8.595252  0.014199
3157.292531436  8.571749  0.014423
3157.297792979  8.618624  0.015372
3157.303054522  8.609724  0.014535
3157.308320406  8.602629  0.014713
3157.313583396  8.575418  0.014122
3157.318843493  8.581270  0.014840
3157.324103590  8.584973  0.014290
3157.329365134  8.578121  0.014631
3157.334626678  8.607841  0.014276
3157.339892563  8.618186  0.014827
3157.342738165  8.618426  0.014956
3157.348008390  8.607584  0.014235
3159.675144878  8.647490  0.013863
3159.680332632  8.656031  0.014413
3159.685517492  8.645060  0.014136
3159.690702353  8.639074  0.013833
3159.695887213  8.646102  0.014002
3159.701072074  8.634642  0.014127
3160.072435128  8.599888  0.013738
3160.077978772  8.594297  0.014503
3160.083533989  8.597117  0.014314
3160.089089206  8.589733  0.014296
3160.094644424  8.606982  0.014105
3160.100199641  8.614813  0.014124
3160.113922765  8.633815  0.014795
3160.119391183  8.625211  0.014565
3160.124887087  8.620986  0.014273
3160.130349719  8.598455  0.014477
3160.135812350  8.591352  0.014315
3160.141274982  8.588191  0.015046
3160.155689618  8.614883  0.014705
3160.160806495  8.612545  0.013894
3160.165923373  8.617176  0.014371
3160.171028678  8.634373  0.014004
3160.176136876  8.631976  0.014246
3160.181259540  8.629792  0.013681
3160.186385099  8.638674  0.014101
3160.197155571  8.608097  0.014887
3160.202435924  8.589848  0.014334
3160.207713383  8.597691  0.014237
3160.212990843  8.576233  0.015048
3160.218268302  8.599564  0.014555
3168.960148216  8.615919  0.014419
3168.965132016  8.636941  0.014721
3168.970115816  8.634130  0.015334
3168.975099616  8.628573  0.015112
3168.980079076  8.625848  0.014697
3168.985062877  8.629904  0.016487
3168.990048124  8.618824  0.014507
3168.995026138  8.599477  0.014471
3169.001595496  8.626811  0.014557
3169.006193034  8.637303  0.013870
3169.010777552  8.614974  0.014045
3169.015375091  8.624567  0.013730
3169.019961056  8.611363  0.013833
3169.024557148  8.623136  0.014071
3169.029154686  8.611943  0.014512
3169.033739205  8.623306  0.014003
3169.038336744  8.618405  0.013789
3169.329616658  8.570950  0.014351
3169.334306792  8.606279  0.014345
3169.339009946  8.611124  0.013936
3169.343704419  8.606654  0.014300
3169.348396000  8.611903  0.014421
3169.353089027  8.600174  0.014774
3169.357777715  8.605291  0.014525
3169.362469296  8.591933  0.014093
3169.371393861  8.603351  0.014643
3169.376185263  8.602961  0.014384
3169.380982452  8.625106  0.015060
3169.385781088  8.603345  0.015256
3169.390569597  8.601222  0.014570
3169.395368233  8.607927  0.014172
3169.400165423  8.600677  0.014878
3169.404962613  8.595658  0.014756